date,quarter,month,year,split,avg_salary,count_in_day,из_нежилых_Промышленные_здания_quarter,Полный_плановый_объем_потребления_электроэнергии_month,Предложения_новостроек_month,Всего_введено_зданий_quarter,"Жилые_здания,_жилые_помещения_и_т.п._quarter",Ипотека_всего_в_деньгах_month,Средства_на_счетах_эскроу_в_рублях_накопительный_итог_month,Средства_на_счетах_эскроу_в_рублях_ежемесячные_изменения_month,Ипотека_по_ДДУ_в_деньгах_month,Ипотека_по_ДДУ_в_количестве_выданных_кредитов_month,Ипотека_всего_в_количестве_выданных_кредитов_month,Коммунальное_хозяйство_-_всего_накопительный_итог_на_начало_месяца_-_собирается_month,"из_них_Закупка_товаров,_работ_и_услуг_для_обеспечения_государственных_муниципальных_нужд_month",из_них_Капитальные_вложения_в_объекты_государственной_муниципальной_собственности_month,из_них_Иные_бюджетные_ассигнования_собирается_month,Оценка_объема_потребеления_безина_quarter,Оценка_объема_потребеления_ДТ_quarter,Цена_на_95_бензин_розничные_цены_month,Цена_на_92_бензин_розничные_цены_month,Цена_на_ДТ_розничные_цены_month,Розничная_продажа_бензинов_автомобильных_в_деньгах;_накопительный_итог_quarter,Розничная_продажа_Дизельное_топливо_в_деньгах;_накопительный_итог_quarter,автоуслуги_по_тратам_потребителей_-_Тинькофф_индекс_month,топливо_потратам_потребителей-Тинькофф_индекс_month,из_нежилых_коммерческие_здания_quarter,из_коммерческих_торговые_площади_quarter,Изменение_активности_МСП_по_регионам_Сбериндекс_month,Индекс_потребительской_активности_-_Сбериндекс_month,дом_и_ремонт_по_тратам_потребителей_-_Тинькофф_индекс_month,медуслуги_по_тратам_потребителей-Тинькофф_индекс_month,рестораны_по_тратам_потребителей-Тинькофф_индекс_month,Доля_онлайн_платежей_в_безналичных_тратах_населения_month
2018-01-01,1,1,2018,1,40000.0,2,179.2,,,808.9,453.5,2794,,,799,383,1644,22748116.11,1472812.33,13511438.69,7676613.09,277.1938641344047,99.29204526262457,40.22,37.36,39.47,10751888,3919388,,,6.4,,,,,,,
2018-01-07,1,1,2018,7,70000.0,6,179.2,,,808.9,453.5,2794,,,799,383,1644,22748116.11,1472812.33,13511438.69,7676613.09,277.1938641344047,99.29204526262457,40.22,37.36,39.47,10751888,3919388,,,6.4,,,,,,,
2018-01-08,1,1,2018,8,40000.0,3,179.2,,,808.9,453.5,2794,,,799,383,1644,22748116.11,1472812.33,13511438.69,7676613.09,277.1938641344047,99.29204526262457,40.22,37.36,39.47,10751888,3919388,,,6.4,,,,,,,
2018-01-11,1,1,2018,11,35000.0,1,179.2,,,808.9,453.5,2794,,,799,383,1644,22748116.11,1472812.33,13511438.69,7676613.09,277.1938641344047,99.29204526262457,40.22,37.36,39.47,10751888,3919388,,,6.4,,,,,,,
2018-01-12,1,1,2018,12,40500.0,4,179.2,,,808.9,453.5,2794,,,799,383,1644,22748116.11,1472812.33,13511438.69,7676613.09,277.1938641344047,99.29204526262457,40.22,37.36,39.47,10751888,3919388,,,6.4,,,,,,,
2018-01-15,1,1,2018,15,35000.0,1,179.2,,,808.9,453.5,2794,,,799,383,1644,22748116.11,1472812.33,13511438.69,7676613.09,277.1938641344047,99.29204526262457,40.22,37.36,39.47,10751888,3919388,,,6.4,,,,,,,
2018-01-16,1,1,2018,16,20000.0,1,179.2,,,808.9,453.5,2794,,,799,383,1644,22748116.11,1472812.33,13511438.69,7676613.09,277.1938641344047,99.29204526262457,40.22,37.36,39.47,10751888,3919388,,,6.4,,,,,,,
2018-01-18,1,1,2018,18,60000.0,1,179.2,,,808.9,453.5,2794,,,799,383,1644,22748116.11,1472812.33,13511438.69,7676613.09,277.1938641344047,99.29204526262457,40.22,37.36,39.47,10751888,3919388,,,6.4,,,,,,,
2018-01-19,1,1,2018,19,70000.0,3,179.2,,,808.9,453.5,2794,,,799,383,1644,22748116.11,1472812.33,13511438.69,7676613.09,277.1938641344047,99.29204526262457,40.22,37.36,39.47,10751888,3919388,,,6.4,,,,,,,
2018-01-22,1,1,2018,22,70000.0,3,179.2,,,808.9,453.5,2794,,,799,383,1644,22748116.11,1472812.33,13511438.69,7676613.09,277.1938641344047,99.29204526262457,40.22,37.36,39.47,10751888,3919388,,,6.4,,,,,,,
2018-01-24,1,1,2018,24,45000.0,4,179.2,,,808.9,453.5,2794,,,799,383,1644,22748116.11,1472812.33,13511438.69,7676613.09,277.1938641344047,99.29204526262457,40.22,37.36,39.47,10751888,3919388,,,6.4,,,,,,,
2018-01-25,1,1,2018,25,30000.0,1,179.2,,,808.9,453.5,2794,,,799,383,1644,22748116.11,1472812.33,13511438.69,7676613.09,277.1938641344047,99.29204526262457,40.22,37.36,39.47,10751888,3919388,,,6.4,,,,,,,
2018-01-26,1,1,2018,26,50000.0,1,179.2,,,808.9,453.5,2794,,,799,383,1644,22748116.11,1472812.33,13511438.69,7676613.09,277.1938641344047,99.29204526262457,40.22,37.36,39.47,10751888,3919388,,,6.4,,,,,,,
2018-01-30,1,1,2018,30,80000.0,2,179.2,,,808.9,453.5,2794,,,799,383,1644,22748116.11,1472812.33,13511438.69,7676613.09,277.1938641344047,99.29204526262457,40.22,37.36,39.47,10751888,3919388,,,6.4,,,,,,,
2018-02-01,1,2,2018,1,41500.0,2,179.2,,,808.9,453.5,4078,,,1036,534,2444,56083602.55,13221913.37,33879275.53,8902572.65,277.1938641344047,99.29204526262457,40.26,37.32,39.51,10751888,3919388,,,6.4,,,,,,,
2018-02-02,1,2,2018,2,35000.0,2,179.2,,,808.9,453.5,4078,,,1036,534,2444,56083602.55,13221913.37,33879275.53,8902572.65,277.1938641344047,99.29204526262457,40.26,37.32,39.51,10751888,3919388,,,6.4,,,,,,,
2018-02-03,1,2,2018,3,40000.0,2,179.2,,,808.9,453.5,4078,,,1036,534,2444,56083602.55,13221913.37,33879275.53,8902572.65,277.1938641344047,99.29204526262457,40.26,37.32,39.51,10751888,3919388,,,6.4,,,,,,,
2018-02-05,1,2,2018,5,40000.0,2,179.2,,,808.9,453.5,4078,,,1036,534,2444,56083602.55,13221913.37,33879275.53,8902572.65,277.1938641344047,99.29204526262457,40.26,37.32,39.51,10751888,3919388,,,6.4,,,,,,,
2018-02-06,1,2,2018,6,30000.0,1,179.2,,,808.9,453.5,4078,,,1036,534,2444,56083602.55,13221913.37,33879275.53,8902572.65,277.1938641344047,99.29204526262457,40.26,37.32,39.51,10751888,3919388,,,6.4,,,,,,,
2018-02-07,1,2,2018,7,37500.0,1,179.2,,,808.9,453.5,4078,,,1036,534,2444,56083602.55,13221913.37,33879275.53,8902572.65,277.1938641344047,99.29204526262457,40.26,37.32,39.51,10751888,3919388,,,6.4,,,,,,,
2018-02-13,1,2,2018,13,40000.0,2,179.2,,,808.9,453.5,4078,,,1036,534,2444,56083602.55,13221913.37,33879275.53,8902572.65,277.1938641344047,99.29204526262457,40.26,37.32,39.51,10751888,3919388,,,6.4,,,,,,,
2018-02-14,1,2,2018,14,35000.0,1,179.2,,,808.9,453.5,4078,,,1036,534,2444,56083602.55,13221913.37,33879275.53,8902572.65,277.1938641344047,99.29204526262457,40.26,37.32,39.51,10751888,3919388,,,6.4,,,,,,,
2018-02-15,1,2,2018,15,35000.0,1,179.2,,,808.9,453.5,4078,,,1036,534,2444,56083602.55,13221913.37,33879275.53,8902572.65,277.1938641344047,99.29204526262457,40.26,37.32,39.51,10751888,3919388,,,6.4,,,,,,,
2018-02-16,1,2,2018,16,37500.0,1,179.2,,,808.9,453.5,4078,,,1036,534,2444,56083602.55,13221913.37,33879275.53,8902572.65,277.1938641344047,99.29204526262457,40.26,37.32,39.51,10751888,3919388,,,6.4,,,,,,,
2018-02-19,1,2,2018,19,30000.0,1,179.2,,,808.9,453.5,4078,,,1036,534,2444,56083602.55,13221913.37,33879275.53,8902572.65,277.1938641344047,99.29204526262457,40.26,37.32,39.51,10751888,3919388,,,6.4,,,,,,,
2018-02-20,1,2,2018,20,35000.0,1,179.2,,,808.9,453.5,4078,,,1036,534,2444,56083602.55,13221913.37,33879275.53,8902572.65,277.1938641344047,99.29204526262457,40.26,37.32,39.51,10751888,3919388,,,6.4,,,,,,,
2018-02-22,1,2,2018,22,25000.0,1,179.2,,,808.9,453.5,4078,,,1036,534,2444,56083602.55,13221913.37,33879275.53,8902572.65,277.1938641344047,99.29204526262457,40.26,37.32,39.51,10751888,3919388,,,6.4,,,,,,,
2018-02-23,1,2,2018,23,70000.0,1,179.2,,,808.9,453.5,4078,,,1036,534,2444,56083602.55,13221913.37,33879275.53,8902572.65,277.1938641344047,99.29204526262457,40.26,37.32,39.51,10751888,3919388,,,6.4,,,,,,,
2018-02-26,1,2,2018,26,35000.0,4,179.2,,,808.9,453.5,4078,,,1036,534,2444,56083602.55,13221913.37,33879275.53,8902572.65,277.1938641344047,99.29204526262457,40.26,37.32,39.51,10751888,3919388,,,6.4,,,,,,,
2018-02-27,1,2,2018,27,35000.0,1,179.2,,,808.9,453.5,4078,,,1036,534,2444,56083602.55,13221913.37,33879275.53,8902572.65,277.1938641344047,99.29204526262457,40.26,37.32,39.51,10751888,3919388,,,6.4,,,,,,,
2018-02-28,1,2,2018,28,27500.0,2,179.2,,,808.9,453.5,4078,,,1036,534,2444,56083602.55,13221913.37,33879275.53,8902572.65,277.1938641344047,99.29204526262457,40.26,37.32,39.51,10751888,3919388,,,6.4,,,,,,,
2018-03-01,1,3,2018,1,31500.0,1,179.2,,,808.9,453.5,4717,,,1153,587,2756,70844837.80000001,4283859.43,49276667.519999996,17214929.85,277.1938641344047,99.29204526262457,40.26,37.31,39.44,10751888,3919388,,,6.4,,,,,,,
2018-03-02,1,3,2018,2,70000.0,1,179.2,,,808.9,453.5,4717,,,1153,587,2756,70844837.80000001,4283859.43,49276667.519999996,17214929.85,277.1938641344047,99.29204526262457,40.26,37.31,39.44,10751888,3919388,,,6.4,,,,,,,
2018-03-05,1,3,2018,5,25000.0,2,179.2,,,808.9,453.5,4717,,,1153,587,2756,70844837.80000001,4283859.43,49276667.519999996,17214929.85,277.1938641344047,99.29204526262457,40.26,37.31,39.44,10751888,3919388,,,6.4,,,,,,,
2018-03-06,1,3,2018,6,40000.0,7,179.2,,,808.9,453.5,4717,,,1153,587,2756,70844837.80000001,4283859.43,49276667.519999996,17214929.85,277.1938641344047,99.29204526262457,40.26,37.31,39.44,10751888,3919388,,,6.4,,,,,,,
2018-03-07,1,3,2018,7,45000.0,2,179.2,,,808.9,453.5,4717,,,1153,587,2756,70844837.80000001,4283859.43,49276667.519999996,17214929.85,277.1938641344047,99.29204526262457,40.26,37.31,39.44,10751888,3919388,,,6.4,,,,,,,
2018-03-09,1,3,2018,9,70000.0,3,179.2,,,808.9,453.5,4717,,,1153,587,2756,70844837.80000001,4283859.43,49276667.519999996,17214929.85,277.1938641344047,99.29204526262457,40.26,37.31,39.44,10751888,3919388,,,6.4,,,,,,,
2018-03-10,1,3,2018,10,15000.0,2,179.2,,,808.9,453.5,4717,,,1153,587,2756,70844837.80000001,4283859.43,49276667.519999996,17214929.85,277.1938641344047,99.29204526262457,40.26,37.31,39.44,10751888,3919388,,,6.4,,,,,,,
2018-03-11,1,3,2018,11,22500.0,1,179.2,,,808.9,453.5,4717,,,1153,587,2756,70844837.80000001,4283859.43,49276667.519999996,17214929.85,277.1938641344047,99.29204526262457,40.26,37.31,39.44,10751888,3919388,,,6.4,,,,,,,
2018-03-12,1,3,2018,12,40000.0,2,179.2,,,808.9,453.5,4717,,,1153,587,2756,70844837.80000001,4283859.43,49276667.519999996,17214929.85,277.1938641344047,99.29204526262457,40.26,37.31,39.44,10751888,3919388,,,6.4,,,,,,,
2018-03-13,1,3,2018,13,40000.0,3,179.2,,,808.9,453.5,4717,,,1153,587,2756,70844837.80000001,4283859.43,49276667.519999996,17214929.85,277.1938641344047,99.29204526262457,40.26,37.31,39.44,10751888,3919388,,,6.4,,,,,,,
2018-03-14,1,3,2018,14,30000.0,4,179.2,,,808.9,453.5,4717,,,1153,587,2756,70844837.80000001,4283859.43,49276667.519999996,17214929.85,277.1938641344047,99.29204526262457,40.26,37.31,39.44,10751888,3919388,,,6.4,,,,,,,
2018-03-15,1,3,2018,15,30000.0,1,179.2,,,808.9,453.5,4717,,,1153,587,2756,70844837.80000001,4283859.43,49276667.519999996,17214929.85,277.1938641344047,99.29204526262457,40.26,37.31,39.44,10751888,3919388,,,6.4,,,,,,,
2018-03-16,1,3,2018,16,60000.0,1,179.2,,,808.9,453.5,4717,,,1153,587,2756,70844837.80000001,4283859.43,49276667.519999996,17214929.85,277.1938641344047,99.29204526262457,40.26,37.31,39.44,10751888,3919388,,,6.4,,,,,,,
2018-03-21,1,3,2018,21,26000.0,1,179.2,,,808.9,453.5,4717,,,1153,587,2756,70844837.80000001,4283859.43,49276667.519999996,17214929.85,277.1938641344047,99.29204526262457,40.26,37.31,39.44,10751888,3919388,,,6.4,,,,,,,
2018-03-22,1,3,2018,22,28000.0,5,179.2,,,808.9,453.5,4717,,,1153,587,2756,70844837.80000001,4283859.43,49276667.519999996,17214929.85,277.1938641344047,99.29204526262457,40.26,37.31,39.44,10751888,3919388,,,6.4,,,,,,,
2018-03-23,1,3,2018,23,26000.0,3,179.2,,,808.9,453.5,4717,,,1153,587,2756,70844837.80000001,4283859.43,49276667.519999996,17214929.85,277.1938641344047,99.29204526262457,40.26,37.31,39.44,10751888,3919388,,,6.4,,,,,,,
2018-03-26,1,3,2018,26,47500.0,2,179.2,,,808.9,453.5,4717,,,1153,587,2756,70844837.80000001,4283859.43,49276667.519999996,17214929.85,277.1938641344047,99.29204526262457,40.26,37.31,39.44,10751888,3919388,,,6.4,,,,,,,
2018-03-27,1,3,2018,27,15000.0,1,179.2,,,808.9,453.5,4717,,,1153,587,2756,70844837.80000001,4283859.43,49276667.519999996,17214929.85,277.1938641344047,99.29204526262457,40.26,37.31,39.44,10751888,3919388,,,6.4,,,,,,,
2018-03-30,1,3,2018,30,27500.0,4,179.2,,,808.9,453.5,4717,,,1153,587,2756,70844837.80000001,4283859.43,49276667.519999996,17214929.85,277.1938641344047,99.29204526262457,40.26,37.31,39.44,10751888,3919388,,,6.4,,,,,,,
2018-04-02,2,4,2018,2,37500.0,2,29.30000000000001,,,494.0000000000001,423.29999999999995,5031,,,1203,587,2941,73906458.47,5591061.23,32789082.72,34245297.519999996,290.5653203172667,106.76374180131181,40.52,37.57,39.86,11905914,4449201,,,26.5,,,,,,,
2018-04-03,2,4,2018,3,40000.0,1,29.30000000000001,,,494.0000000000001,423.29999999999995,5031,,,1203,587,2941,73906458.47,5591061.23,32789082.72,34245297.519999996,290.5653203172667,106.76374180131181,40.52,37.57,39.86,11905914,4449201,,,26.5,,,,,,,
2018-04-04,2,4,2018,4,23000.0,1,29.30000000000001,,,494.0000000000001,423.29999999999995,5031,,,1203,587,2941,73906458.47,5591061.23,32789082.72,34245297.519999996,290.5653203172667,106.76374180131181,40.52,37.57,39.86,11905914,4449201,,,26.5,,,,,,,
2018-04-05,2,4,2018,5,31250.0,2,29.30000000000001,,,494.0000000000001,423.29999999999995,5031,,,1203,587,2941,73906458.47,5591061.23,32789082.72,34245297.519999996,290.5653203172667,106.76374180131181,40.52,37.57,39.86,11905914,4449201,,,26.5,,,,,,,
2018-04-09,2,4,2018,9,30000.0,1,29.30000000000001,,,494.0000000000001,423.29999999999995,5031,,,1203,587,2941,73906458.47,5591061.23,32789082.72,34245297.519999996,290.5653203172667,106.76374180131181,40.52,37.57,39.86,11905914,4449201,,,26.5,,,,,,,
2018-04-11,2,4,2018,11,35000.0,1,29.30000000000001,,,494.0000000000001,423.29999999999995,5031,,,1203,587,2941,73906458.47,5591061.23,32789082.72,34245297.519999996,290.5653203172667,106.76374180131181,40.52,37.57,39.86,11905914,4449201,,,26.5,,,,,,,
2018-04-13,2,4,2018,13,70000.0,1,29.30000000000001,,,494.0000000000001,423.29999999999995,5031,,,1203,587,2941,73906458.47,5591061.23,32789082.72,34245297.519999996,290.5653203172667,106.76374180131181,40.52,37.57,39.86,11905914,4449201,,,26.5,,,,,,,
2018-04-16,2,4,2018,16,51000.0,1,29.30000000000001,,,494.0000000000001,423.29999999999995,5031,,,1203,587,2941,73906458.47,5591061.23,32789082.72,34245297.519999996,290.5653203172667,106.76374180131181,40.52,37.57,39.86,11905914,4449201,,,26.5,,,,,,,
2018-04-20,2,4,2018,20,60000.0,1,29.30000000000001,,,494.0000000000001,423.29999999999995,5031,,,1203,587,2941,73906458.47,5591061.23,32789082.72,34245297.519999996,290.5653203172667,106.76374180131181,40.52,37.57,39.86,11905914,4449201,,,26.5,,,,,,,
2018-04-21,2,4,2018,21,30000.0,1,29.30000000000001,,,494.0000000000001,423.29999999999995,5031,,,1203,587,2941,73906458.47,5591061.23,32789082.72,34245297.519999996,290.5653203172667,106.76374180131181,40.52,37.57,39.86,11905914,4449201,,,26.5,,,,,,,
2018-04-28,2,4,2018,28,70000.0,3,29.30000000000001,,,494.0000000000001,423.29999999999995,5031,,,1203,587,2941,73906458.47,5591061.23,32789082.72,34245297.519999996,290.5653203172667,106.76374180131181,40.52,37.57,39.86,11905914,4449201,,,26.5,,,,,,,
2018-04-29,2,4,2018,29,60000.0,1,29.30000000000001,,,494.0000000000001,423.29999999999995,5031,,,1203,587,2941,73906458.47,5591061.23,32789082.72,34245297.519999996,290.5653203172667,106.76374180131181,40.52,37.57,39.86,11905914,4449201,,,26.5,,,,,,,
2018-05-02,2,5,2018,2,25000.0,2,29.30000000000001,,,494.0000000000001,423.29999999999995,4688,,,1133,580,2647,64377895.46999997,5405996.719999999,22721618.040000007,35599152.70999999,290.5653203172667,106.76374180131181,42.46,39.63,41.87,11905914,4449201,,,26.5,,,,,,,
2018-05-04,2,5,2018,4,35000.0,1,29.30000000000001,,,494.0000000000001,423.29999999999995,4688,,,1133,580,2647,64377895.46999997,5405996.719999999,22721618.040000007,35599152.70999999,290.5653203172667,106.76374180131181,42.46,39.63,41.87,11905914,4449201,,,26.5,,,,,,,
2018-05-07,2,5,2018,7,47500.0,2,29.30000000000001,,,494.0000000000001,423.29999999999995,4688,,,1133,580,2647,64377895.46999997,5405996.719999999,22721618.040000007,35599152.70999999,290.5653203172667,106.76374180131181,42.46,39.63,41.87,11905914,4449201,,,26.5,,,,,,,
2018-05-08,2,5,2018,8,25000.0,1,29.30000000000001,,,494.0000000000001,423.29999999999995,4688,,,1133,580,2647,64377895.46999997,5405996.719999999,22721618.040000007,35599152.70999999,290.5653203172667,106.76374180131181,42.46,39.63,41.87,11905914,4449201,,,26.5,,,,,,,
2018-05-14,2,5,2018,14,57500.0,1,29.30000000000001,,,494.0000000000001,423.29999999999995,4688,,,1133,580,2647,64377895.46999997,5405996.719999999,22721618.040000007,35599152.70999999,290.5653203172667,106.76374180131181,42.46,39.63,41.87,11905914,4449201,,,26.5,,,,,,,
2018-05-15,2,5,2018,15,29000.0,2,29.30000000000001,,,494.0000000000001,423.29999999999995,4688,,,1133,580,2647,64377895.46999997,5405996.719999999,22721618.040000007,35599152.70999999,290.5653203172667,106.76374180131181,42.46,39.63,41.87,11905914,4449201,,,26.5,,,,,,,
2018-05-17,2,5,2018,17,40000.0,4,29.30000000000001,,,494.0000000000001,423.29999999999995,4688,,,1133,580,2647,64377895.46999997,5405996.719999999,22721618.040000007,35599152.70999999,290.5653203172667,106.76374180131181,42.46,39.63,41.87,11905914,4449201,,,26.5,,,,,,,
2018-05-23,2,5,2018,23,60000.0,1,29.30000000000001,,,494.0000000000001,423.29999999999995,4688,,,1133,580,2647,64377895.46999997,5405996.719999999,22721618.040000007,35599152.70999999,290.5653203172667,106.76374180131181,42.46,39.63,41.87,11905914,4449201,,,26.5,,,,,,,
2018-05-24,2,5,2018,24,70000.0,1,29.30000000000001,,,494.0000000000001,423.29999999999995,4688,,,1133,580,2647,64377895.46999997,5405996.719999999,22721618.040000007,35599152.70999999,290.5653203172667,106.76374180131181,42.46,39.63,41.87,11905914,4449201,,,26.5,,,,,,,
2018-05-25,2,5,2018,25,32500.0,4,29.30000000000001,,,494.0000000000001,423.29999999999995,4688,,,1133,580,2647,64377895.46999997,5405996.719999999,22721618.040000007,35599152.70999999,290.5653203172667,106.76374180131181,42.46,39.63,41.87,11905914,4449201,,,26.5,,,,,,,
2018-05-28,2,5,2018,28,70000.0,1,29.30000000000001,,,494.0000000000001,423.29999999999995,4688,,,1133,580,2647,64377895.46999997,5405996.719999999,22721618.040000007,35599152.70999999,290.5653203172667,106.76374180131181,42.46,39.63,41.87,11905914,4449201,,,26.5,,,,,,,
2018-05-29,2,5,2018,29,25000.0,2,29.30000000000001,,,494.0000000000001,423.29999999999995,4688,,,1133,580,2647,64377895.46999997,5405996.719999999,22721618.040000007,35599152.70999999,290.5653203172667,106.76374180131181,42.46,39.63,41.87,11905914,4449201,,,26.5,,,,,,,
2018-05-30,2,5,2018,30,40000.0,4,29.30000000000001,,,494.0000000000001,423.29999999999995,4688,,,1133,580,2647,64377895.46999997,5405996.719999999,22721618.040000007,35599152.70999999,290.5653203172667,106.76374180131181,42.46,39.63,41.87,11905914,4449201,,,26.5,,,,,,,
2018-05-31,2,5,2018,31,35000.0,3,29.30000000000001,,,494.0000000000001,423.29999999999995,4688,,,1133,580,2647,64377895.46999997,5405996.719999999,22721618.040000007,35599152.70999999,290.5653203172667,106.76374180131181,42.46,39.63,41.87,11905914,4449201,,,26.5,,,,,,,
2018-06-01,2,6,2018,1,47500.0,1,29.30000000000001,,,494.0000000000001,423.29999999999995,4619,,,995,492,2533,192255624.88,9888152.050000004,61952939.47,119470218.36000001,290.5653203172667,106.76374180131181,44.05,41.62,43.29,11905914,4449201,,,26.5,,,,,,,
2018-06-02,2,6,2018,2,32000.0,1,29.30000000000001,,,494.0000000000001,423.29999999999995,4619,,,995,492,2533,192255624.88,9888152.050000004,61952939.47,119470218.36000001,290.5653203172667,106.76374180131181,44.05,41.62,43.29,11905914,4449201,,,26.5,,,,,,,
2018-06-04,2,6,2018,4,52500.0,1,29.30000000000001,,,494.0000000000001,423.29999999999995,4619,,,995,492,2533,192255624.88,9888152.050000004,61952939.47,119470218.36000001,290.5653203172667,106.76374180131181,44.05,41.62,43.29,11905914,4449201,,,26.5,,,,,,,
2018-06-06,2,6,2018,6,35000.0,1,29.30000000000001,,,494.0000000000001,423.29999999999995,4619,,,995,492,2533,192255624.88,9888152.050000004,61952939.47,119470218.36000001,290.5653203172667,106.76374180131181,44.05,41.62,43.29,11905914,4449201,,,26.5,,,,,,,
2018-06-07,2,6,2018,7,29000.0,1,29.30000000000001,,,494.0000000000001,423.29999999999995,4619,,,995,492,2533,192255624.88,9888152.050000004,61952939.47,119470218.36000001,290.5653203172667,106.76374180131181,44.05,41.62,43.29,11905914,4449201,,,26.5,,,,,,,
2018-06-08,2,6,2018,8,52500.0,4,29.30000000000001,,,494.0000000000001,423.29999999999995,4619,,,995,492,2533,192255624.88,9888152.050000004,61952939.47,119470218.36000001,290.5653203172667,106.76374180131181,44.05,41.62,43.29,11905914,4449201,,,26.5,,,,,,,
2018-06-09,2,6,2018,9,20000.0,1,29.30000000000001,,,494.0000000000001,423.29999999999995,4619,,,995,492,2533,192255624.88,9888152.050000004,61952939.47,119470218.36000001,290.5653203172667,106.76374180131181,44.05,41.62,43.29,11905914,4449201,,,26.5,,,,,,,
2018-06-10,2,6,2018,10,23000.0,5,29.30000000000001,,,494.0000000000001,423.29999999999995,4619,,,995,492,2533,192255624.88,9888152.050000004,61952939.47,119470218.36000001,290.5653203172667,106.76374180131181,44.05,41.62,43.29,11905914,4449201,,,26.5,,,,,,,
2018-06-13,2,6,2018,13,55000.0,1,29.30000000000001,,,494.0000000000001,423.29999999999995,4619,,,995,492,2533,192255624.88,9888152.050000004,61952939.47,119470218.36000001,290.5653203172667,106.76374180131181,44.05,41.62,43.29,11905914,4449201,,,26.5,,,,,,,
2018-06-14,2,6,2018,14,35000.0,1,29.30000000000001,,,494.0000000000001,423.29999999999995,4619,,,995,492,2533,192255624.88,9888152.050000004,61952939.47,119470218.36000001,290.5653203172667,106.76374180131181,44.05,41.62,43.29,11905914,4449201,,,26.5,,,,,,,
2018-06-15,2,6,2018,15,30000.0,1,29.30000000000001,,,494.0000000000001,423.29999999999995,4619,,,995,492,2533,192255624.88,9888152.050000004,61952939.47,119470218.36000001,290.5653203172667,106.76374180131181,44.05,41.62,43.29,11905914,4449201,,,26.5,,,,,,,
2018-06-19,2,6,2018,19,40000.0,1,29.30000000000001,,,494.0000000000001,423.29999999999995,4619,,,995,492,2533,192255624.88,9888152.050000004,61952939.47,119470218.36000001,290.5653203172667,106.76374180131181,44.05,41.62,43.29,11905914,4449201,,,26.5,,,,,,,
2018-06-22,2,6,2018,22,52500.0,5,29.30000000000001,,,494.0000000000001,423.29999999999995,4619,,,995,492,2533,192255624.88,9888152.050000004,61952939.47,119470218.36000001,290.5653203172667,106.76374180131181,44.05,41.62,43.29,11905914,4449201,,,26.5,,,,,,,
2018-06-25,2,6,2018,25,45000.0,2,29.30000000000001,,,494.0000000000001,423.29999999999995,4619,,,995,492,2533,192255624.88,9888152.050000004,61952939.47,119470218.36000001,290.5653203172667,106.76374180131181,44.05,41.62,43.29,11905914,4449201,,,26.5,,,,,,,
2018-06-26,2,6,2018,26,70000.0,2,29.30000000000001,,,494.0000000000001,423.29999999999995,4619,,,995,492,2533,192255624.88,9888152.050000004,61952939.47,119470218.36000001,290.5653203172667,106.76374180131181,44.05,41.62,43.29,11905914,4449201,,,26.5,,,,,,,
2018-06-28,2,6,2018,28,27500.0,1,29.30000000000001,,,494.0000000000001,423.29999999999995,4619,,,995,492,2533,192255624.88,9888152.050000004,61952939.47,119470218.36000001,290.5653203172667,106.76374180131181,44.05,41.62,43.29,11905914,4449201,,,26.5,,,,,,,
2018-07-02,3,7,2018,2,50500.0,2,47.30000000000001,,,555.1999999999998,393.29999999999995,4425,,,896,483,2544,139292858.94000006,11161254.18,86860886.72,37308696.53999999,289.6994549763033,102.56130680498568,43.64,40.73,42.99,12225317,4415948,,,36.50000000000001,,,,,,,
2018-07-06,3,7,2018,6,50000.0,2,47.30000000000001,,,555.1999999999998,393.29999999999995,4425,,,896,483,2544,139292858.94000006,11161254.18,86860886.72,37308696.53999999,289.6994549763033,102.56130680498568,43.64,40.73,42.99,12225317,4415948,,,36.50000000000001,,,,,,,
2018-07-09,3,7,2018,9,52500.0,4,47.30000000000001,,,555.1999999999998,393.29999999999995,4425,,,896,483,2544,139292858.94000006,11161254.18,86860886.72,37308696.53999999,289.6994549763033,102.56130680498568,43.64,40.73,42.99,12225317,4415948,,,36.50000000000001,,,,,,,
2018-07-10,3,7,2018,10,50000.0,1,47.30000000000001,,,555.1999999999998,393.29999999999995,4425,,,896,483,2544,139292858.94000006,11161254.18,86860886.72,37308696.53999999,289.6994549763033,102.56130680498568,43.64,40.73,42.99,12225317,4415948,,,36.50000000000001,,,,,,,
2018-07-12,3,7,2018,12,32500.0,2,47.30000000000001,,,555.1999999999998,393.29999999999995,4425,,,896,483,2544,139292858.94000006,11161254.18,86860886.72,37308696.53999999,289.6994549763033,102.56130680498568,43.64,40.73,42.99,12225317,4415948,,,36.50000000000001,,,,,,,
2018-07-18,3,7,2018,18,43000.0,1,47.30000000000001,,,555.1999999999998,393.29999999999995,4425,,,896,483,2544,139292858.94000006,11161254.18,86860886.72,37308696.53999999,289.6994549763033,102.56130680498568,43.64,40.73,42.99,12225317,4415948,,,36.50000000000001,,,,,,,
2018-07-20,3,7,2018,20,52500.0,5,47.30000000000001,,,555.1999999999998,393.29999999999995,4425,,,896,483,2544,139292858.94000006,11161254.18,86860886.72,37308696.53999999,289.6994549763033,102.56130680498568,43.64,40.73,42.99,12225317,4415948,,,36.50000000000001,,,,,,,
2018-07-23,3,7,2018,23,45000.0,2,47.30000000000001,,,555.1999999999998,393.29999999999995,4425,,,896,483,2544,139292858.94000006,11161254.18,86860886.72,37308696.53999999,289.6994549763033,102.56130680498568,43.64,40.73,42.99,12225317,4415948,,,36.50000000000001,,,,,,,
2018-07-24,3,7,2018,24,52500.0,1,47.30000000000001,,,555.1999999999998,393.29999999999995,4425,,,896,483,2544,139292858.94000006,11161254.18,86860886.72,37308696.53999999,289.6994549763033,102.56130680498568,43.64,40.73,42.99,12225317,4415948,,,36.50000000000001,,,,,,,
2018-07-26,3,7,2018,26,80000.0,1,47.30000000000001,,,555.1999999999998,393.29999999999995,4425,,,896,483,2544,139292858.94000006,11161254.18,86860886.72,37308696.53999999,289.6994549763033,102.56130680498568,43.64,40.73,42.99,12225317,4415948,,,36.50000000000001,,,,,,,
2018-08-04,3,8,2018,4,70000.0,1,47.30000000000001,,,555.1999999999998,393.29999999999995,4795,,,1214,571,2712,153028608.70999992,19510151.489999995,102702016.05000001,30691191.119999975,289.6994549763033,102.56130680498568,43.75,40.71,43.08,12225317,4415948,,,36.50000000000001,,,,,,,
2018-08-06,3,8,2018,6,25000.0,3,47.30000000000001,,,555.1999999999998,393.29999999999995,4795,,,1214,571,2712,153028608.70999992,19510151.489999995,102702016.05000001,30691191.119999975,289.6994549763033,102.56130680498568,43.75,40.71,43.08,12225317,4415948,,,36.50000000000001,,,,,,,
2018-08-09,3,8,2018,9,52500.0,4,47.30000000000001,,,555.1999999999998,393.29999999999995,4795,,,1214,571,2712,153028608.70999992,19510151.489999995,102702016.05000001,30691191.119999975,289.6994549763033,102.56130680498568,43.75,40.71,43.08,12225317,4415948,,,36.50000000000001,,,,,,,
2018-08-10,3,8,2018,10,25500.0,5,47.30000000000001,,,555.1999999999998,393.29999999999995,4795,,,1214,571,2712,153028608.70999992,19510151.489999995,102702016.05000001,30691191.119999975,289.6994549763033,102.56130680498568,43.75,40.71,43.08,12225317,4415948,,,36.50000000000001,,,,,,,
2018-08-12,3,8,2018,12,35000.0,1,47.30000000000001,,,555.1999999999998,393.29999999999995,4795,,,1214,571,2712,153028608.70999992,19510151.489999995,102702016.05000001,30691191.119999975,289.6994549763033,102.56130680498568,43.75,40.71,43.08,12225317,4415948,,,36.50000000000001,,,,,,,
2018-08-13,3,8,2018,13,46250.0,2,47.30000000000001,,,555.1999999999998,393.29999999999995,4795,,,1214,571,2712,153028608.70999992,19510151.489999995,102702016.05000001,30691191.119999975,289.6994549763033,102.56130680498568,43.75,40.71,43.08,12225317,4415948,,,36.50000000000001,,,,,,,
2018-08-14,3,8,2018,14,40000.0,1,47.30000000000001,,,555.1999999999998,393.29999999999995,4795,,,1214,571,2712,153028608.70999992,19510151.489999995,102702016.05000001,30691191.119999975,289.6994549763033,102.56130680498568,43.75,40.71,43.08,12225317,4415948,,,36.50000000000001,,,,,,,
2018-08-15,3,8,2018,15,17500.0,3,47.30000000000001,,,555.1999999999998,393.29999999999995,4795,,,1214,571,2712,153028608.70999992,19510151.489999995,102702016.05000001,30691191.119999975,289.6994549763033,102.56130680498568,43.75,40.71,43.08,12225317,4415948,,,36.50000000000001,,,,,,,
2018-08-17,3,8,2018,17,52500.0,1,47.30000000000001,,,555.1999999999998,393.29999999999995,4795,,,1214,571,2712,153028608.70999992,19510151.489999995,102702016.05000001,30691191.119999975,289.6994549763033,102.56130680498568,43.75,40.71,43.08,12225317,4415948,,,36.50000000000001,,,,,,,
2018-08-19,3,8,2018,19,32100.0,2,47.30000000000001,,,555.1999999999998,393.29999999999995,4795,,,1214,571,2712,153028608.70999992,19510151.489999995,102702016.05000001,30691191.119999975,289.6994549763033,102.56130680498568,43.75,40.71,43.08,12225317,4415948,,,36.50000000000001,,,,,,,
2018-08-20,3,8,2018,20,52500.0,4,47.30000000000001,,,555.1999999999998,393.29999999999995,4795,,,1214,571,2712,153028608.70999992,19510151.489999995,102702016.05000001,30691191.119999975,289.6994549763033,102.56130680498568,43.75,40.71,43.08,12225317,4415948,,,36.50000000000001,,,,,,,
2018-08-21,3,8,2018,21,35000.0,1,47.30000000000001,,,555.1999999999998,393.29999999999995,4795,,,1214,571,2712,153028608.70999992,19510151.489999995,102702016.05000001,30691191.119999975,289.6994549763033,102.56130680498568,43.75,40.71,43.08,12225317,4415948,,,36.50000000000001,,,,,,,
2018-08-24,3,8,2018,24,30000.0,5,47.30000000000001,,,555.1999999999998,393.29999999999995,4795,,,1214,571,2712,153028608.70999992,19510151.489999995,102702016.05000001,30691191.119999975,289.6994549763033,102.56130680498568,43.75,40.71,43.08,12225317,4415948,,,36.50000000000001,,,,,,,
2018-08-27,3,8,2018,27,35000.0,2,47.30000000000001,,,555.1999999999998,393.29999999999995,4795,,,1214,571,2712,153028608.70999992,19510151.489999995,102702016.05000001,30691191.119999975,289.6994549763033,102.56130680498568,43.75,40.71,43.08,12225317,4415948,,,36.50000000000001,,,,,,,
2018-08-28,3,8,2018,28,30000.0,1,47.30000000000001,,,555.1999999999998,393.29999999999995,4795,,,1214,571,2712,153028608.70999992,19510151.489999995,102702016.05000001,30691191.119999975,289.6994549763033,102.56130680498568,43.75,40.71,43.08,12225317,4415948,,,36.50000000000001,,,,,,,
2018-08-29,3,8,2018,29,47500.0,1,47.30000000000001,,,555.1999999999998,393.29999999999995,4795,,,1214,571,2712,153028608.70999992,19510151.489999995,102702016.05000001,30691191.119999975,289.6994549763033,102.56130680498568,43.75,40.71,43.08,12225317,4415948,,,36.50000000000001,,,,,,,
2018-09-03,3,9,2018,3,40750.0,2,47.30000000000001,,,555.1999999999998,393.29999999999995,4914,,,1219,571,2726,139920993.7700001,30621060.25,71442892.68,37745343.84000003,289.6994549763033,102.56130680498568,43.7,40.67,43.1,12225317,4415948,,,36.50000000000001,,,,,,,
2018-09-04,3,9,2018,4,42500.0,2,47.30000000000001,,,555.1999999999998,393.29999999999995,4914,,,1219,571,2726,139920993.7700001,30621060.25,71442892.68,37745343.84000003,289.6994549763033,102.56130680498568,43.7,40.67,43.1,12225317,4415948,,,36.50000000000001,,,,,,,
2018-09-06,3,9,2018,6,29500.0,4,47.30000000000001,,,555.1999999999998,393.29999999999995,4914,,,1219,571,2726,139920993.7700001,30621060.25,71442892.68,37745343.84000003,289.6994549763033,102.56130680498568,43.7,40.67,43.1,12225317,4415948,,,36.50000000000001,,,,,,,
2018-09-10,3,9,2018,10,42500.0,2,47.30000000000001,,,555.1999999999998,393.29999999999995,4914,,,1219,571,2726,139920993.7700001,30621060.25,71442892.68,37745343.84000003,289.6994549763033,102.56130680498568,43.7,40.67,43.1,12225317,4415948,,,36.50000000000001,,,,,,,
2018-09-11,3,9,2018,11,66700.0,1,47.30000000000001,,,555.1999999999998,393.29999999999995,4914,,,1219,571,2726,139920993.7700001,30621060.25,71442892.68,37745343.84000003,289.6994549763033,102.56130680498568,43.7,40.67,43.1,12225317,4415948,,,36.50000000000001,,,,,,,
2018-09-12,3,9,2018,12,82500.0,2,47.30000000000001,,,555.1999999999998,393.29999999999995,4914,,,1219,571,2726,139920993.7700001,30621060.25,71442892.68,37745343.84000003,289.6994549763033,102.56130680498568,43.7,40.67,43.1,12225317,4415948,,,36.50000000000001,,,,,,,
2018-09-13,3,9,2018,13,52500.0,1,47.30000000000001,,,555.1999999999998,393.29999999999995,4914,,,1219,571,2726,139920993.7700001,30621060.25,71442892.68,37745343.84000003,289.6994549763033,102.56130680498568,43.7,40.67,43.1,12225317,4415948,,,36.50000000000001,,,,,,,
2018-09-14,3,9,2018,14,35000.0,1,47.30000000000001,,,555.1999999999998,393.29999999999995,4914,,,1219,571,2726,139920993.7700001,30621060.25,71442892.68,37745343.84000003,289.6994549763033,102.56130680498568,43.7,40.67,43.1,12225317,4415948,,,36.50000000000001,,,,,,,
2018-09-17,3,9,2018,17,52500.0,3,47.30000000000001,,,555.1999999999998,393.29999999999995,4914,,,1219,571,2726,139920993.7700001,30621060.25,71442892.68,37745343.84000003,289.6994549763033,102.56130680498568,43.7,40.67,43.1,12225317,4415948,,,36.50000000000001,,,,,,,
2018-09-19,3,9,2018,19,27500.0,4,47.30000000000001,,,555.1999999999998,393.29999999999995,4914,,,1219,571,2726,139920993.7700001,30621060.25,71442892.68,37745343.84000003,289.6994549763033,102.56130680498568,43.7,40.67,43.1,12225317,4415948,,,36.50000000000001,,,,,,,
2018-09-20,3,9,2018,20,30000.0,9,47.30000000000001,,,555.1999999999998,393.29999999999995,4914,,,1219,571,2726,139920993.7700001,30621060.25,71442892.68,37745343.84000003,289.6994549763033,102.56130680498568,43.7,40.67,43.1,12225317,4415948,,,36.50000000000001,,,,,,,
2018-09-21,3,9,2018,21,48750.0,2,47.30000000000001,,,555.1999999999998,393.29999999999995,4914,,,1219,571,2726,139920993.7700001,30621060.25,71442892.68,37745343.84000003,289.6994549763033,102.56130680498568,43.7,40.67,43.1,12225317,4415948,,,36.50000000000001,,,,,,,
2018-09-23,3,9,2018,23,50000.0,1,47.30000000000001,,,555.1999999999998,393.29999999999995,4914,,,1219,571,2726,139920993.7700001,30621060.25,71442892.68,37745343.84000003,289.6994549763033,102.56130680498568,43.7,40.67,43.1,12225317,4415948,,,36.50000000000001,,,,,,,
2018-09-24,3,9,2018,24,52500.0,1,47.30000000000001,,,555.1999999999998,393.29999999999995,4914,,,1219,571,2726,139920993.7700001,30621060.25,71442892.68,37745343.84000003,289.6994549763033,102.56130680498568,43.7,40.67,43.1,12225317,4415948,,,36.50000000000001,,,,,,,
2018-09-25,3,9,2018,25,52500.0,2,47.30000000000001,,,555.1999999999998,393.29999999999995,4914,,,1219,571,2726,139920993.7700001,30621060.25,71442892.68,37745343.84000003,289.6994549763033,102.56130680498568,43.7,40.67,43.1,12225317,4415948,,,36.50000000000001,,,,,,,
2018-09-26,3,9,2018,26,67500.0,1,47.30000000000001,,,555.1999999999998,393.29999999999995,4914,,,1219,571,2726,139920993.7700001,30621060.25,71442892.68,37745343.84000003,289.6994549763033,102.56130680498568,43.7,40.67,43.1,12225317,4415948,,,36.50000000000001,,,,,,,
2018-09-30,3,9,2018,30,32500.0,1,47.30000000000001,,,555.1999999999998,393.29999999999995,4914,,,1219,571,2726,139920993.7700001,30621060.25,71442892.68,37745343.84000003,289.6994549763033,102.56130680498568,43.7,40.67,43.1,12225317,4415948,,,36.50000000000001,,,,,,,
2018-10-01,4,10,2018,1,35000.0,2,18.30000000000001,,,792.7000000000003,689.8000000000002,5509,,,1281,627,3009,726714013.8,38496672.42999999,133688961.23999995,553294524.1299999,290.13619055142993,115.64735807695214,43.77,40.69,43.27,12241813,5099663,,,38.099999999999994,,,,,,,
2018-10-02,4,10,2018,2,30000.0,3,18.30000000000001,,,792.7000000000003,689.8000000000002,5509,,,1281,627,3009,726714013.8,38496672.42999999,133688961.23999995,553294524.1299999,290.13619055142993,115.64735807695214,43.77,40.69,43.27,12241813,5099663,,,38.099999999999994,,,,,,,
2018-10-07,4,10,2018,7,65000.0,1,18.30000000000001,,,792.7000000000003,689.8000000000002,5509,,,1281,627,3009,726714013.8,38496672.42999999,133688961.23999995,553294524.1299999,290.13619055142993,115.64735807695214,43.77,40.69,43.27,12241813,5099663,,,38.099999999999994,,,,,,,
2018-10-11,4,10,2018,11,52500.0,1,18.30000000000001,,,792.7000000000003,689.8000000000002,5509,,,1281,627,3009,726714013.8,38496672.42999999,133688961.23999995,553294524.1299999,290.13619055142993,115.64735807695214,43.77,40.69,43.27,12241813,5099663,,,38.099999999999994,,,,,,,
2018-10-15,4,10,2018,15,45000.0,3,18.30000000000001,,,792.7000000000003,689.8000000000002,5509,,,1281,627,3009,726714013.8,38496672.42999999,133688961.23999995,553294524.1299999,290.13619055142993,115.64735807695214,43.77,40.69,43.27,12241813,5099663,,,38.099999999999994,,,,,,,
2018-10-16,4,10,2018,16,47500.0,2,18.30000000000001,,,792.7000000000003,689.8000000000002,5509,,,1281,627,3009,726714013.8,38496672.42999999,133688961.23999995,553294524.1299999,290.13619055142993,115.64735807695214,43.77,40.69,43.27,12241813,5099663,,,38.099999999999994,,,,,,,
2018-10-18,4,10,2018,18,25000.0,44,18.30000000000001,,,792.7000000000003,689.8000000000002,5509,,,1281,627,3009,726714013.8,38496672.42999999,133688961.23999995,553294524.1299999,290.13619055142993,115.64735807695214,43.77,40.69,43.27,12241813,5099663,,,38.099999999999994,,,,,,,
2018-10-20,4,10,2018,20,70000.0,1,18.30000000000001,,,792.7000000000003,689.8000000000002,5509,,,1281,627,3009,726714013.8,38496672.42999999,133688961.23999995,553294524.1299999,290.13619055142993,115.64735807695214,43.77,40.69,43.27,12241813,5099663,,,38.099999999999994,,,,,,,
2018-10-22,4,10,2018,22,52500.0,5,18.30000000000001,,,792.7000000000003,689.8000000000002,5509,,,1281,627,3009,726714013.8,38496672.42999999,133688961.23999995,553294524.1299999,290.13619055142993,115.64735807695214,43.77,40.69,43.27,12241813,5099663,,,38.099999999999994,,,,,,,
2018-10-23,4,10,2018,23,50000.0,1,18.30000000000001,,,792.7000000000003,689.8000000000002,5509,,,1281,627,3009,726714013.8,38496672.42999999,133688961.23999995,553294524.1299999,290.13619055142993,115.64735807695214,43.77,40.69,43.27,12241813,5099663,,,38.099999999999994,,,,,,,
2018-10-26,4,10,2018,26,52500.0,3,18.30000000000001,,,792.7000000000003,689.8000000000002,5509,,,1281,627,3009,726714013.8,38496672.42999999,133688961.23999995,553294524.1299999,290.13619055142993,115.64735807695214,43.77,40.69,43.27,12241813,5099663,,,38.099999999999994,,,,,,,
2018-10-29,4,10,2018,29,50000.0,2,18.30000000000001,,,792.7000000000003,689.8000000000002,5509,,,1281,627,3009,726714013.8,38496672.42999999,133688961.23999995,553294524.1299999,290.13619055142993,115.64735807695214,43.77,40.69,43.27,12241813,5099663,,,38.099999999999994,,,,,,,
2018-10-31,4,10,2018,31,70000.0,1,18.30000000000001,,,792.7000000000003,689.8000000000002,5509,,,1281,627,3009,726714013.8,38496672.42999999,133688961.23999995,553294524.1299999,290.13619055142993,115.64735807695214,43.77,40.69,43.27,12241813,5099663,,,38.099999999999994,,,,,,,
2018-11-02,4,11,2018,2,42500.0,7,18.30000000000001,,,792.7000000000003,689.8000000000002,5821,,,1291,587,3089,215491617.67000008,22815882.670000017,133865963.31000006,56534782.69000006,290.13619055142993,115.64735807695214,43.68,40.7,43.9,12241813,5099663,,,38.099999999999994,,,,,,,
2018-11-06,4,11,2018,6,31000.0,8,18.30000000000001,,,792.7000000000003,689.8000000000002,5821,,,1291,587,3089,215491617.67000008,22815882.670000017,133865963.31000006,56534782.69000006,290.13619055142993,115.64735807695214,43.68,40.7,43.9,12241813,5099663,,,38.099999999999994,,,,,,,
2018-11-12,4,11,2018,12,40000.0,4,18.30000000000001,,,792.7000000000003,689.8000000000002,5821,,,1291,587,3089,215491617.67000008,22815882.670000017,133865963.31000006,56534782.69000006,290.13619055142993,115.64735807695214,43.68,40.7,43.9,12241813,5099663,,,38.099999999999994,,,,,,,
2018-11-13,4,11,2018,13,40750.0,4,18.30000000000001,,,792.7000000000003,689.8000000000002,5821,,,1291,587,3089,215491617.67000008,22815882.670000017,133865963.31000006,56534782.69000006,290.13619055142993,115.64735807695214,43.68,40.7,43.9,12241813,5099663,,,38.099999999999994,,,,,,,
2018-11-14,4,11,2018,14,35000.0,1,18.30000000000001,,,792.7000000000003,689.8000000000002,5821,,,1291,587,3089,215491617.67000008,22815882.670000017,133865963.31000006,56534782.69000006,290.13619055142993,115.64735807695214,43.68,40.7,43.9,12241813,5099663,,,38.099999999999994,,,,,,,
2018-11-15,4,11,2018,15,33750.0,2,18.30000000000001,,,792.7000000000003,689.8000000000002,5821,,,1291,587,3089,215491617.67000008,22815882.670000017,133865963.31000006,56534782.69000006,290.13619055142993,115.64735807695214,43.68,40.7,43.9,12241813,5099663,,,38.099999999999994,,,,,,,
2018-11-16,4,11,2018,16,40000.0,1,18.30000000000001,,,792.7000000000003,689.8000000000002,5821,,,1291,587,3089,215491617.67000008,22815882.670000017,133865963.31000006,56534782.69000006,290.13619055142993,115.64735807695214,43.68,40.7,43.9,12241813,5099663,,,38.099999999999994,,,,,,,
2018-11-20,4,11,2018,20,25000.0,14,18.30000000000001,,,792.7000000000003,689.8000000000002,5821,,,1291,587,3089,215491617.67000008,22815882.670000017,133865963.31000006,56534782.69000006,290.13619055142993,115.64735807695214,43.68,40.7,43.9,12241813,5099663,,,38.099999999999994,,,,,,,
2018-11-22,4,11,2018,22,50000.0,7,18.30000000000001,,,792.7000000000003,689.8000000000002,5821,,,1291,587,3089,215491617.67000008,22815882.670000017,133865963.31000006,56534782.69000006,290.13619055142993,115.64735807695214,43.68,40.7,43.9,12241813,5099663,,,38.099999999999994,,,,,,,
2018-11-23,4,11,2018,23,50000.0,3,18.30000000000001,,,792.7000000000003,689.8000000000002,5821,,,1291,587,3089,215491617.67000008,22815882.670000017,133865963.31000006,56534782.69000006,290.13619055142993,115.64735807695214,43.68,40.7,43.9,12241813,5099663,,,38.099999999999994,,,,,,,
2018-11-26,4,11,2018,26,53750.0,8,18.30000000000001,,,792.7000000000003,689.8000000000002,5821,,,1291,587,3089,215491617.67000008,22815882.670000017,133865963.31000006,56534782.69000006,290.13619055142993,115.64735807695214,43.68,40.7,43.9,12241813,5099663,,,38.099999999999994,,,,,,,
2018-11-27,4,11,2018,27,45000.0,1,18.30000000000001,,,792.7000000000003,689.8000000000002,5821,,,1291,587,3089,215491617.67000008,22815882.670000017,133865963.31000006,56534782.69000006,290.13619055142993,115.64735807695214,43.68,40.7,43.9,12241813,5099663,,,38.099999999999994,,,,,,,
2018-11-28,4,11,2018,28,67500.0,1,18.30000000000001,,,792.7000000000003,689.8000000000002,5821,,,1291,587,3089,215491617.67000008,22815882.670000017,133865963.31000006,56534782.69000006,290.13619055142993,115.64735807695214,43.68,40.7,43.9,12241813,5099663,,,38.099999999999994,,,,,,,
2018-11-29,4,11,2018,29,25000.0,3,18.30000000000001,,,792.7000000000003,689.8000000000002,5821,,,1291,587,3089,215491617.67000008,22815882.670000017,133865963.31000006,56534782.69000006,290.13619055142993,115.64735807695214,43.68,40.7,43.9,12241813,5099663,,,38.099999999999994,,,,,,,
2018-11-30,4,11,2018,30,60000.0,1,18.30000000000001,,,792.7000000000003,689.8000000000002,5821,,,1291,587,3089,215491617.67000008,22815882.670000017,133865963.31000006,56534782.69000006,290.13619055142993,115.64735807695214,43.68,40.7,43.9,12241813,5099663,,,38.099999999999994,,,,,,,
2018-12-03,4,12,2018,3,40000.0,1,18.30000000000001,,,792.7000000000003,689.8000000000002,6399,,,1288,593,3501,431009066.36000013,44851555.93000001,155610589.64,228567107.78999996,290.13619055142993,115.64735807695214,43.66,40.66,45.12,12241813,5099663,,,38.099999999999994,,,,,,,
2018-12-10,4,12,2018,10,47500.0,2,18.30000000000001,,,792.7000000000003,689.8000000000002,6399,,,1288,593,3501,431009066.36000013,44851555.93000001,155610589.64,228567107.78999996,290.13619055142993,115.64735807695214,43.66,40.66,45.12,12241813,5099663,,,38.099999999999994,,,,,,,
2018-12-11,4,12,2018,11,40000.0,6,18.30000000000001,,,792.7000000000003,689.8000000000002,6399,,,1288,593,3501,431009066.36000013,44851555.93000001,155610589.64,228567107.78999996,290.13619055142993,115.64735807695214,43.66,40.66,45.12,12241813,5099663,,,38.099999999999994,,,,,,,
2018-12-12,4,12,2018,12,52500.0,7,18.30000000000001,,,792.7000000000003,689.8000000000002,6399,,,1288,593,3501,431009066.36000013,44851555.93000001,155610589.64,228567107.78999996,290.13619055142993,115.64735807695214,43.66,40.66,45.12,12241813,5099663,,,38.099999999999994,,,,,,,
2018-12-21,4,12,2018,21,30750.0,2,18.30000000000001,,,792.7000000000003,689.8000000000002,6399,,,1288,593,3501,431009066.36000013,44851555.93000001,155610589.64,228567107.78999996,290.13619055142993,115.64735807695214,43.66,40.66,45.12,12241813,5099663,,,38.099999999999994,,,,,,,
2018-12-24,4,12,2018,24,52500.0,1,18.30000000000001,,,792.7000000000003,689.8000000000002,6399,,,1288,593,3501,431009066.36000013,44851555.93000001,155610589.64,228567107.78999996,290.13619055142993,115.64735807695214,43.66,40.66,45.12,12241813,5099663,,,38.099999999999994,,,,,,,
2018-12-25,4,12,2018,25,42500.0,1,18.30000000000001,,,792.7000000000003,689.8000000000002,6399,,,1288,593,3501,431009066.36000013,44851555.93000001,155610589.64,228567107.78999996,290.13619055142993,115.64735807695214,43.66,40.66,45.12,12241813,5099663,,,38.099999999999994,,,,,,,
2018-12-27,4,12,2018,27,52500.0,3,18.30000000000001,,,792.7000000000003,689.8000000000002,6399,,,1288,593,3501,431009066.36000013,44851555.93000001,155610589.64,228567107.78999996,290.13619055142993,115.64735807695214,43.66,40.66,45.12,12241813,5099663,,,38.099999999999994,,,,,,,
2019-01-04,1,1,2019,4,45000.0,1,10.9,,1707,636.2,540.5,2985,,,770,361,1663,19290005.46,5308345.74,7045076.86,6812738.86,266.29515858463697,104.46166873494415,44.08,41.1,45.63,11376573,4770068,,,9,1.9,,,,,,
2019-01-06,1,1,2019,6,50000.0,1,10.9,,1707,636.2,540.5,2985,,,770,361,1663,19290005.46,5308345.74,7045076.86,6812738.86,266.29515858463697,104.46166873494415,44.08,41.1,45.63,11376573,4770068,,,9,1.9,,,,,,
2019-01-07,1,1,2019,7,20000.0,2,10.9,,1707,636.2,540.5,2985,,,770,361,1663,19290005.46,5308345.74,7045076.86,6812738.86,266.29515858463697,104.46166873494415,44.08,41.1,45.63,11376573,4770068,,,9,1.9,,,,,,
2019-01-11,1,1,2019,11,30000.0,1,10.9,,1707,636.2,540.5,2985,,,770,361,1663,19290005.46,5308345.74,7045076.86,6812738.86,266.29515858463697,104.46166873494415,44.08,41.1,45.63,11376573,4770068,,,9,1.9,,,,,,
2019-01-14,1,1,2019,14,30000.0,8,10.9,,1707,636.2,540.5,2985,,,770,361,1663,19290005.46,5308345.74,7045076.86,6812738.86,266.29515858463697,104.46166873494415,44.08,41.1,45.63,11376573,4770068,,,9,1.9,,,,,,
2019-01-15,1,1,2019,15,50000.0,1,10.9,,1707,636.2,540.5,2985,,,770,361,1663,19290005.46,5308345.74,7045076.86,6812738.86,266.29515858463697,104.46166873494415,44.08,41.1,45.63,11376573,4770068,,,9,1.9,,,,,,
2019-01-16,1,1,2019,16,65000.0,3,10.9,,1707,636.2,540.5,2985,,,770,361,1663,19290005.46,5308345.74,7045076.86,6812738.86,266.29515858463697,104.46166873494415,44.08,41.1,45.63,11376573,4770068,,,9,1.9,,,,,,
2019-01-17,1,1,2019,17,25000.0,3,10.9,,1707,636.2,540.5,2985,,,770,361,1663,19290005.46,5308345.74,7045076.86,6812738.86,266.29515858463697,104.46166873494415,44.08,41.1,45.63,11376573,4770068,,,9,1.9,,,,,,
2019-01-21,1,1,2019,21,52500.0,2,10.9,,1707,636.2,540.5,2985,,,770,361,1663,19290005.46,5308345.74,7045076.86,6812738.86,266.29515858463697,104.46166873494415,44.08,41.1,45.63,11376573,4770068,,,9,1.9,,,,,,
2019-01-23,1,1,2019,23,67500.0,1,10.9,,1707,636.2,540.5,2985,,,770,361,1663,19290005.46,5308345.74,7045076.86,6812738.86,266.29515858463697,104.46166873494415,44.08,41.1,45.63,11376573,4770068,,,9,1.9,,,,,,
2019-01-24,1,1,2019,24,44500.0,5,10.9,,1707,636.2,540.5,2985,,,770,361,1663,19290005.46,5308345.74,7045076.86,6812738.86,266.29515858463697,104.46166873494415,44.08,41.1,45.63,11376573,4770068,,,9,1.9,,,,,,
2019-01-25,1,1,2019,25,40000.0,1,10.9,,1707,636.2,540.5,2985,,,770,361,1663,19290005.46,5308345.74,7045076.86,6812738.86,266.29515858463697,104.46166873494415,44.08,41.1,45.63,11376573,4770068,,,9,1.9,,,,,,
2019-01-28,1,1,2019,28,46250.0,2,10.9,,1707,636.2,540.5,2985,,,770,361,1663,19290005.46,5308345.74,7045076.86,6812738.86,266.29515858463697,104.46166873494415,44.08,41.1,45.63,11376573,4770068,,,9,1.9,,,,,,
2019-01-30,1,1,2019,30,30000.0,1,10.9,,1707,636.2,540.5,2985,,,770,361,1663,19290005.46,5308345.74,7045076.86,6812738.86,266.29515858463697,104.46166873494415,44.08,41.1,45.63,11376573,4770068,,,9,1.9,,,,,,
2019-01-31,1,1,2019,31,40000.0,1,10.9,,1707,636.2,540.5,2985,,,770,361,1663,19290005.46,5308345.74,7045076.86,6812738.86,266.29515858463697,104.46166873494415,44.08,41.1,45.63,11376573,4770068,,,9,1.9,,,,,,
2019-02-04,1,2,2019,4,52500.0,4,10.9,,1491,636.2,540.5,4101,,,986,415,2202,65646361.49,4762302.299999999,33991445.56,26799717.630000003,266.29515858463697,104.46166873494415,44.3,41.28,45.63,11376573,4770068,69.107,93.893,9,1.9,,,84.107,102.464,94.214,16.93428571
2019-02-05,1,2,2019,5,63750.0,2,10.9,,1491,636.2,540.5,4101,,,986,415,2202,65646361.49,4762302.299999999,33991445.56,26799717.630000003,266.29515858463697,104.46166873494415,44.3,41.28,45.63,11376573,4770068,69.107,93.893,9,1.9,,,84.107,102.464,94.214,16.93428571
2019-02-06,1,2,2019,6,52500.0,1,10.9,,1491,636.2,540.5,4101,,,986,415,2202,65646361.49,4762302.299999999,33991445.56,26799717.630000003,266.29515858463697,104.46166873494415,44.3,41.28,45.63,11376573,4770068,69.107,93.893,9,1.9,,,84.107,102.464,94.214,16.93428571
2019-02-10,1,2,2019,10,46250.0,2,10.9,,1491,636.2,540.5,4101,,,986,415,2202,65646361.49,4762302.299999999,33991445.56,26799717.630000003,266.29515858463697,104.46166873494415,44.3,41.28,45.63,11376573,4770068,69.107,93.893,9,1.9,,,84.107,102.464,94.214,16.93428571
2019-02-11,1,2,2019,11,50000.0,1,10.9,,1491,636.2,540.5,4101,,,986,415,2202,65646361.49,4762302.299999999,33991445.56,26799717.630000003,266.29515858463697,104.46166873494415,44.3,41.28,45.63,11376573,4770068,69.107,93.893,9,1.9,,,84.107,102.464,94.214,16.93428571
2019-02-12,1,2,2019,12,12500.0,3,10.9,,1491,636.2,540.5,4101,,,986,415,2202,65646361.49,4762302.299999999,33991445.56,26799717.630000003,266.29515858463697,104.46166873494415,44.3,41.28,45.63,11376573,4770068,69.107,93.893,9,1.9,,,84.107,102.464,94.214,16.93428571
2019-02-14,1,2,2019,14,25000.0,4,10.9,,1491,636.2,540.5,4101,,,986,415,2202,65646361.49,4762302.299999999,33991445.56,26799717.630000003,266.29515858463697,104.46166873494415,44.3,41.28,45.63,11376573,4770068,69.107,93.893,9,1.9,,,84.107,102.464,94.214,16.93428571
2019-02-15,1,2,2019,15,50000.0,1,10.9,,1491,636.2,540.5,4101,,,986,415,2202,65646361.49,4762302.299999999,33991445.56,26799717.630000003,266.29515858463697,104.46166873494415,44.3,41.28,45.63,11376573,4770068,69.107,93.893,9,1.9,,,84.107,102.464,94.214,16.93428571
2019-02-16,1,2,2019,16,26000.0,1,10.9,,1491,636.2,540.5,4101,,,986,415,2202,65646361.49,4762302.299999999,33991445.56,26799717.630000003,266.29515858463697,104.46166873494415,44.3,41.28,45.63,11376573,4770068,69.107,93.893,9,1.9,,,84.107,102.464,94.214,16.93428571
2019-02-18,1,2,2019,18,51000.0,1,10.9,,1491,636.2,540.5,4101,,,986,415,2202,65646361.49,4762302.299999999,33991445.56,26799717.630000003,266.29515858463697,104.46166873494415,44.3,41.28,45.63,11376573,4770068,69.107,93.893,9,1.9,,,84.107,102.464,94.214,16.93428571
2019-02-19,1,2,2019,19,35375.0,4,10.9,,1491,636.2,540.5,4101,,,986,415,2202,65646361.49,4762302.299999999,33991445.56,26799717.630000003,266.29515858463697,104.46166873494415,44.3,41.28,45.63,11376573,4770068,69.107,93.893,9,1.9,,,84.107,102.464,94.214,16.93428571
2019-02-21,1,2,2019,21,30000.0,2,10.9,,1491,636.2,540.5,4101,,,986,415,2202,65646361.49,4762302.299999999,33991445.56,26799717.630000003,266.29515858463697,104.46166873494415,44.3,41.28,45.63,11376573,4770068,69.107,93.893,9,1.9,,,84.107,102.464,94.214,16.93428571
2019-02-24,1,2,2019,24,30000.0,1,10.9,,1491,636.2,540.5,4101,,,986,415,2202,65646361.49,4762302.299999999,33991445.56,26799717.630000003,266.29515858463697,104.46166873494415,44.3,41.28,45.63,11376573,4770068,69.107,93.893,9,1.9,,,84.107,102.464,94.214,16.93428571
2019-02-25,1,2,2019,25,30000.0,3,10.9,,1491,636.2,540.5,4101,,,986,415,2202,65646361.49,4762302.299999999,33991445.56,26799717.630000003,266.29515858463697,104.46166873494415,44.3,41.28,45.63,11376573,4770068,69.107,93.893,9,1.9,,,84.107,102.464,94.214,16.93428571
2019-02-26,1,2,2019,26,38750.0,2,10.9,,1491,636.2,540.5,4101,,,986,415,2202,65646361.49,4762302.299999999,33991445.56,26799717.630000003,266.29515858463697,104.46166873494415,44.3,41.28,45.63,11376573,4770068,69.107,93.893,9,1.9,,,84.107,102.464,94.214,16.93428571
2019-02-27,1,2,2019,27,30000.0,2,10.9,,1491,636.2,540.5,4101,,,986,415,2202,65646361.49,4762302.299999999,33991445.56,26799717.630000003,266.29515858463697,104.46166873494415,44.3,41.28,45.63,11376573,4770068,69.107,93.893,9,1.9,,,84.107,102.464,94.214,16.93428571
2019-02-28,1,2,2019,28,30000.0,1,10.9,,1491,636.2,540.5,4101,,,986,415,2202,65646361.49,4762302.299999999,33991445.56,26799717.630000003,266.29515858463697,104.46166873494415,44.3,41.28,45.63,11376573,4770068,69.107,93.893,9,1.9,,,84.107,102.464,94.214,16.93428571
2019-03-01,1,3,2019,1,34000.0,2,10.9,,1595,636.2,540.5,3991,,,950,422,2161,74748348.05,9187409.900000002,37517754.75,27921479.4,266.29515858463697,104.46166873494415,44.3,41.27,45.73,11376573,4770068,88.065,91.387,9,1.9,,,92.548,95.935,101.581,16.20354839
2019-03-04,1,3,2019,4,57500.0,6,10.9,,1595,636.2,540.5,3991,,,950,422,2161,74748348.05,9187409.900000002,37517754.75,27921479.4,266.29515858463697,104.46166873494415,44.3,41.27,45.73,11376573,4770068,88.065,91.387,9,1.9,,,92.548,95.935,101.581,16.20354839
2019-03-05,1,3,2019,5,50000.0,5,10.9,,1595,636.2,540.5,3991,,,950,422,2161,74748348.05,9187409.900000002,37517754.75,27921479.4,266.29515858463697,104.46166873494415,44.3,41.27,45.73,11376573,4770068,88.065,91.387,9,1.9,,,92.548,95.935,101.581,16.20354839
2019-03-06,1,3,2019,6,30000.0,5,10.9,,1595,636.2,540.5,3991,,,950,422,2161,74748348.05,9187409.900000002,37517754.75,27921479.4,266.29515858463697,104.46166873494415,44.3,41.27,45.73,11376573,4770068,88.065,91.387,9,1.9,,,92.548,95.935,101.581,16.20354839
2019-03-07,1,3,2019,7,30000.0,1,10.9,,1595,636.2,540.5,3991,,,950,422,2161,74748348.05,9187409.900000002,37517754.75,27921479.4,266.29515858463697,104.46166873494415,44.3,41.27,45.73,11376573,4770068,88.065,91.387,9,1.9,,,92.548,95.935,101.581,16.20354839
2019-03-11,1,3,2019,11,57500.0,4,10.9,,1595,636.2,540.5,3991,,,950,422,2161,74748348.05,9187409.900000002,37517754.75,27921479.4,266.29515858463697,104.46166873494415,44.3,41.27,45.73,11376573,4770068,88.065,91.387,9,1.9,,,92.548,95.935,101.581,16.20354839
2019-03-12,1,3,2019,12,51090.0,2,10.9,,1595,636.2,540.5,3991,,,950,422,2161,74748348.05,9187409.900000002,37517754.75,27921479.4,266.29515858463697,104.46166873494415,44.3,41.27,45.73,11376573,4770068,88.065,91.387,9,1.9,,,92.548,95.935,101.581,16.20354839
2019-03-13,1,3,2019,13,60000.0,2,10.9,,1595,636.2,540.5,3991,,,950,422,2161,74748348.05,9187409.900000002,37517754.75,27921479.4,266.29515858463697,104.46166873494415,44.3,41.27,45.73,11376573,4770068,88.065,91.387,9,1.9,,,92.548,95.935,101.581,16.20354839
2019-03-14,1,3,2019,14,74400.0,1,10.9,,1595,636.2,540.5,3991,,,950,422,2161,74748348.05,9187409.900000002,37517754.75,27921479.4,266.29515858463697,104.46166873494415,44.3,41.27,45.73,11376573,4770068,88.065,91.387,9,1.9,,,92.548,95.935,101.581,16.20354839
2019-03-15,1,3,2019,15,57500.0,3,10.9,,1595,636.2,540.5,3991,,,950,422,2161,74748348.05,9187409.900000002,37517754.75,27921479.4,266.29515858463697,104.46166873494415,44.3,41.27,45.73,11376573,4770068,88.065,91.387,9,1.9,,,92.548,95.935,101.581,16.20354839
2019-03-18,1,3,2019,18,25000.0,1,10.9,,1595,636.2,540.5,3991,,,950,422,2161,74748348.05,9187409.900000002,37517754.75,27921479.4,266.29515858463697,104.46166873494415,44.3,41.27,45.73,11376573,4770068,88.065,91.387,9,1.9,,,92.548,95.935,101.581,16.20354839
2019-03-19,1,3,2019,19,40000.0,4,10.9,,1595,636.2,540.5,3991,,,950,422,2161,74748348.05,9187409.900000002,37517754.75,27921479.4,266.29515858463697,104.46166873494415,44.3,41.27,45.73,11376573,4770068,88.065,91.387,9,1.9,,,92.548,95.935,101.581,16.20354839
2019-03-20,1,3,2019,20,57500.0,5,10.9,,1595,636.2,540.5,3991,,,950,422,2161,74748348.05,9187409.900000002,37517754.75,27921479.4,266.29515858463697,104.46166873494415,44.3,41.27,45.73,11376573,4770068,88.065,91.387,9,1.9,,,92.548,95.935,101.581,16.20354839
2019-03-22,1,3,2019,22,35000.0,1,10.9,,1595,636.2,540.5,3991,,,950,422,2161,74748348.05,9187409.900000002,37517754.75,27921479.4,266.29515858463697,104.46166873494415,44.3,41.27,45.73,11376573,4770068,88.065,91.387,9,1.9,,,92.548,95.935,101.581,16.20354839
2019-03-23,1,3,2019,23,37500.0,1,10.9,,1595,636.2,540.5,3991,,,950,422,2161,74748348.05,9187409.900000002,37517754.75,27921479.4,266.29515858463697,104.46166873494415,44.3,41.27,45.73,11376573,4770068,88.065,91.387,9,1.9,,,92.548,95.935,101.581,16.20354839
2019-03-26,1,3,2019,26,40000.0,1,10.9,,1595,636.2,540.5,3991,,,950,422,2161,74748348.05,9187409.900000002,37517754.75,27921479.4,266.29515858463697,104.46166873494415,44.3,41.27,45.73,11376573,4770068,88.065,91.387,9,1.9,,,92.548,95.935,101.581,16.20354839
2019-03-28,1,3,2019,28,57500.0,1,10.9,,1595,636.2,540.5,3991,,,950,422,2161,74748348.05,9187409.900000002,37517754.75,27921479.4,266.29515858463697,104.46166873494415,44.3,41.27,45.73,11376573,4770068,88.065,91.387,9,1.9,,,92.548,95.935,101.581,16.20354839
2019-03-29,1,3,2019,29,67500.0,1,10.9,,1595,636.2,540.5,3991,,,950,422,2161,74748348.05,9187409.900000002,37517754.75,27921479.4,266.29515858463697,104.46166873494415,44.3,41.27,45.73,11376573,4770068,88.065,91.387,9,1.9,,,92.548,95.935,101.581,16.20354839
2019-04-01,2,4,2019,1,37000.0,4,13.6,,1490,465.29999999999995,384.5,4093,,,962,400,2241,94430629.5,9012319.639999997,50196733.03,35176916.83,279.8951867927454,103.40912621359223,44.33,41.25,45.12,12037359,4615494,125.267,97.333,12.8,11.5,,,91.867,103.433,93.867,16.983
2019-04-02,2,4,2019,2,57500.0,3,13.6,,1490,465.29999999999995,384.5,4093,,,962,400,2241,94430629.5,9012319.639999997,50196733.03,35176916.83,279.8951867927454,103.40912621359223,44.33,41.25,45.12,12037359,4615494,125.267,97.333,12.8,11.5,,,91.867,103.433,93.867,16.983
2019-04-03,2,4,2019,3,51250.0,2,13.6,,1490,465.29999999999995,384.5,4093,,,962,400,2241,94430629.5,9012319.639999997,50196733.03,35176916.83,279.8951867927454,103.40912621359223,44.33,41.25,45.12,12037359,4615494,125.267,97.333,12.8,11.5,,,91.867,103.433,93.867,16.983
2019-04-04,2,4,2019,4,42500.0,6,13.6,,1490,465.29999999999995,384.5,4093,,,962,400,2241,94430629.5,9012319.639999997,50196733.03,35176916.83,279.8951867927454,103.40912621359223,44.33,41.25,45.12,12037359,4615494,125.267,97.333,12.8,11.5,,,91.867,103.433,93.867,16.983
2019-04-05,2,4,2019,5,32500.0,2,13.6,,1490,465.29999999999995,384.5,4093,,,962,400,2241,94430629.5,9012319.639999997,50196733.03,35176916.83,279.8951867927454,103.40912621359223,44.33,41.25,45.12,12037359,4615494,125.267,97.333,12.8,11.5,,,91.867,103.433,93.867,16.983
2019-04-08,2,4,2019,8,40000.0,4,13.6,,1490,465.29999999999995,384.5,4093,,,962,400,2241,94430629.5,9012319.639999997,50196733.03,35176916.83,279.8951867927454,103.40912621359223,44.33,41.25,45.12,12037359,4615494,125.267,97.333,12.8,11.5,,,91.867,103.433,93.867,16.983
2019-04-09,2,4,2019,9,45000.0,3,13.6,,1490,465.29999999999995,384.5,4093,,,962,400,2241,94430629.5,9012319.639999997,50196733.03,35176916.83,279.8951867927454,103.40912621359223,44.33,41.25,45.12,12037359,4615494,125.267,97.333,12.8,11.5,,,91.867,103.433,93.867,16.983
2019-04-10,2,4,2019,10,35000.0,2,13.6,,1490,465.29999999999995,384.5,4093,,,962,400,2241,94430629.5,9012319.639999997,50196733.03,35176916.83,279.8951867927454,103.40912621359223,44.33,41.25,45.12,12037359,4615494,125.267,97.333,12.8,11.5,,,91.867,103.433,93.867,16.983
2019-04-12,2,4,2019,12,52500.0,17,13.6,,1490,465.29999999999995,384.5,4093,,,962,400,2241,94430629.5,9012319.639999997,50196733.03,35176916.83,279.8951867927454,103.40912621359223,44.33,41.25,45.12,12037359,4615494,125.267,97.333,12.8,11.5,,,91.867,103.433,93.867,16.983
2019-04-15,2,4,2019,15,45000.0,7,13.6,,1490,465.29999999999995,384.5,4093,,,962,400,2241,94430629.5,9012319.639999997,50196733.03,35176916.83,279.8951867927454,103.40912621359223,44.33,41.25,45.12,12037359,4615494,125.267,97.333,12.8,11.5,,,91.867,103.433,93.867,16.983
2019-04-16,2,4,2019,16,45000.0,1,13.6,,1490,465.29999999999995,384.5,4093,,,962,400,2241,94430629.5,9012319.639999997,50196733.03,35176916.83,279.8951867927454,103.40912621359223,44.33,41.25,45.12,12037359,4615494,125.267,97.333,12.8,11.5,,,91.867,103.433,93.867,16.983
2019-04-17,2,4,2019,17,45000.0,3,13.6,,1490,465.29999999999995,384.5,4093,,,962,400,2241,94430629.5,9012319.639999997,50196733.03,35176916.83,279.8951867927454,103.40912621359223,44.33,41.25,45.12,12037359,4615494,125.267,97.333,12.8,11.5,,,91.867,103.433,93.867,16.983
2019-04-18,2,4,2019,18,45000.0,3,13.6,,1490,465.29999999999995,384.5,4093,,,962,400,2241,94430629.5,9012319.639999997,50196733.03,35176916.83,279.8951867927454,103.40912621359223,44.33,41.25,45.12,12037359,4615494,125.267,97.333,12.8,11.5,,,91.867,103.433,93.867,16.983
2019-04-19,2,4,2019,19,43500.0,2,13.6,,1490,465.29999999999995,384.5,4093,,,962,400,2241,94430629.5,9012319.639999997,50196733.03,35176916.83,279.8951867927454,103.40912621359223,44.33,41.25,45.12,12037359,4615494,125.267,97.333,12.8,11.5,,,91.867,103.433,93.867,16.983
2019-04-22,2,4,2019,22,62500.0,4,13.6,,1490,465.29999999999995,384.5,4093,,,962,400,2241,94430629.5,9012319.639999997,50196733.03,35176916.83,279.8951867927454,103.40912621359223,44.33,41.25,45.12,12037359,4615494,125.267,97.333,12.8,11.5,,,91.867,103.433,93.867,16.983
2019-04-25,2,4,2019,25,51250.0,2,13.6,,1490,465.29999999999995,384.5,4093,,,962,400,2241,94430629.5,9012319.639999997,50196733.03,35176916.83,279.8951867927454,103.40912621359223,44.33,41.25,45.12,12037359,4615494,125.267,97.333,12.8,11.5,,,91.867,103.433,93.867,16.983
2019-04-29,2,4,2019,29,53750.0,2,13.6,,1490,465.29999999999995,384.5,4093,,,962,400,2241,94430629.5,9012319.639999997,50196733.03,35176916.83,279.8951867927454,103.40912621359223,44.33,41.25,45.12,12037359,4615494,125.267,97.333,12.8,11.5,,,91.867,103.433,93.867,16.983
2019-05-02,2,5,2019,2,50000.0,1,13.6,,1150,465.29999999999995,384.5,3233,,,681,298,1783,74881797.56,10712345.329999998,27475302.959999993,36607431.269999996,279.8951867927454,103.40912621359223,44.33,41.26,44.21,12037359,4615494,94.71,99.129,12.8,11.5,,,95,92.71,99.032,14.76677419
2019-05-07,2,5,2019,7,45000.0,3,13.6,,1150,465.29999999999995,384.5,3233,,,681,298,1783,74881797.56,10712345.329999998,27475302.959999993,36607431.269999996,279.8951867927454,103.40912621359223,44.33,41.26,44.21,12037359,4615494,94.71,99.129,12.8,11.5,,,95,92.71,99.032,14.76677419
2019-05-08,2,5,2019,8,57500.0,1,13.6,,1150,465.29999999999995,384.5,3233,,,681,298,1783,74881797.56,10712345.329999998,27475302.959999993,36607431.269999996,279.8951867927454,103.40912621359223,44.33,41.26,44.21,12037359,4615494,94.71,99.129,12.8,11.5,,,95,92.71,99.032,14.76677419
2019-05-09,2,5,2019,9,52500.0,1,13.6,,1150,465.29999999999995,384.5,3233,,,681,298,1783,74881797.56,10712345.329999998,27475302.959999993,36607431.269999996,279.8951867927454,103.40912621359223,44.33,41.26,44.21,12037359,4615494,94.71,99.129,12.8,11.5,,,95,92.71,99.032,14.76677419
2019-05-12,2,5,2019,12,75000.0,1,13.6,,1150,465.29999999999995,384.5,3233,,,681,298,1783,74881797.56,10712345.329999998,27475302.959999993,36607431.269999996,279.8951867927454,103.40912621359223,44.33,41.26,44.21,12037359,4615494,94.71,99.129,12.8,11.5,,,95,92.71,99.032,14.76677419
2019-05-13,2,5,2019,13,57500.0,19,13.6,,1150,465.29999999999995,384.5,3233,,,681,298,1783,74881797.56,10712345.329999998,27475302.959999993,36607431.269999996,279.8951867927454,103.40912621359223,44.33,41.26,44.21,12037359,4615494,94.71,99.129,12.8,11.5,,,95,92.71,99.032,14.76677419
2019-05-14,2,5,2019,14,45000.0,1,13.6,,1150,465.29999999999995,384.5,3233,,,681,298,1783,74881797.56,10712345.329999998,27475302.959999993,36607431.269999996,279.8951867927454,103.40912621359223,44.33,41.26,44.21,12037359,4615494,94.71,99.129,12.8,11.5,,,95,92.71,99.032,14.76677419
2019-05-15,2,5,2019,15,22500.0,1,13.6,,1150,465.29999999999995,384.5,3233,,,681,298,1783,74881797.56,10712345.329999998,27475302.959999993,36607431.269999996,279.8951867927454,103.40912621359223,44.33,41.26,44.21,12037359,4615494,94.71,99.129,12.8,11.5,,,95,92.71,99.032,14.76677419
2019-05-16,2,5,2019,16,37500.0,1,13.6,,1150,465.29999999999995,384.5,3233,,,681,298,1783,74881797.56,10712345.329999998,27475302.959999993,36607431.269999996,279.8951867927454,103.40912621359223,44.33,41.26,44.21,12037359,4615494,94.71,99.129,12.8,11.5,,,95,92.71,99.032,14.76677419
2019-05-17,2,5,2019,17,40000.0,1,13.6,,1150,465.29999999999995,384.5,3233,,,681,298,1783,74881797.56,10712345.329999998,27475302.959999993,36607431.269999996,279.8951867927454,103.40912621359223,44.33,41.26,44.21,12037359,4615494,94.71,99.129,12.8,11.5,,,95,92.71,99.032,14.76677419
2019-05-20,2,5,2019,20,35000.0,1,13.6,,1150,465.29999999999995,384.5,3233,,,681,298,1783,74881797.56,10712345.329999998,27475302.959999993,36607431.269999996,279.8951867927454,103.40912621359223,44.33,41.26,44.21,12037359,4615494,94.71,99.129,12.8,11.5,,,95,92.71,99.032,14.76677419
2019-05-21,2,5,2019,21,15000.0,1,13.6,,1150,465.29999999999995,384.5,3233,,,681,298,1783,74881797.56,10712345.329999998,27475302.959999993,36607431.269999996,279.8951867927454,103.40912621359223,44.33,41.26,44.21,12037359,4615494,94.71,99.129,12.8,11.5,,,95,92.71,99.032,14.76677419
2019-05-23,2,5,2019,23,80000.0,1,13.6,,1150,465.29999999999995,384.5,3233,,,681,298,1783,74881797.56,10712345.329999998,27475302.959999993,36607431.269999996,279.8951867927454,103.40912621359223,44.33,41.26,44.21,12037359,4615494,94.71,99.129,12.8,11.5,,,95,92.71,99.032,14.76677419
2019-05-24,2,5,2019,24,40000.0,1,13.6,,1150,465.29999999999995,384.5,3233,,,681,298,1783,74881797.56,10712345.329999998,27475302.959999993,36607431.269999996,279.8951867927454,103.40912621359223,44.33,41.26,44.21,12037359,4615494,94.71,99.129,12.8,11.5,,,95,92.71,99.032,14.76677419
2019-05-27,2,5,2019,27,20000.0,1,13.6,,1150,465.29999999999995,384.5,3233,,,681,298,1783,74881797.56,10712345.329999998,27475302.959999993,36607431.269999996,279.8951867927454,103.40912621359223,44.33,41.26,44.21,12037359,4615494,94.71,99.129,12.8,11.5,,,95,92.71,99.032,14.76677419
2019-05-28,2,5,2019,28,57500.0,8,13.6,,1150,465.29999999999995,384.5,3233,,,681,298,1783,74881797.56,10712345.329999998,27475302.959999993,36607431.269999996,279.8951867927454,103.40912621359223,44.33,41.26,44.21,12037359,4615494,94.71,99.129,12.8,11.5,,,95,92.71,99.032,14.76677419
2019-05-30,2,5,2019,30,50000.0,1,13.6,,1150,465.29999999999995,384.5,3233,,,681,298,1783,74881797.56,10712345.329999998,27475302.959999993,36607431.269999996,279.8951867927454,103.40912621359223,44.33,41.26,44.21,12037359,4615494,94.71,99.129,12.8,11.5,,,95,92.71,99.032,14.76677419
2019-06-06,2,6,2019,6,30000.0,1,13.6,,2090,465.29999999999995,384.5,3704,,,958,366,1894,337695295.74999994,12842645.510000005,35873474.129999995,288936714.11,279.8951867927454,103.40912621359223,44.93,41.94,44.57,12037359,4615494,96.6,105.367,12.8,11.5,,,106.633,87.633,106.567,14.70566667
2019-06-07,2,6,2019,7,57500.0,6,13.6,,2090,465.29999999999995,384.5,3704,,,958,366,1894,337695295.74999994,12842645.510000005,35873474.129999995,288936714.11,279.8951867927454,103.40912621359223,44.93,41.94,44.57,12037359,4615494,96.6,105.367,12.8,11.5,,,106.633,87.633,106.567,14.70566667
2019-06-12,2,6,2019,12,57500.0,10,13.6,,2090,465.29999999999995,384.5,3704,,,958,366,1894,337695295.74999994,12842645.510000005,35873474.129999995,288936714.11,279.8951867927454,103.40912621359223,44.93,41.94,44.57,12037359,4615494,96.6,105.367,12.8,11.5,,,106.633,87.633,106.567,14.70566667
2019-06-13,2,6,2019,13,27000.0,2,13.6,,2090,465.29999999999995,384.5,3704,,,958,366,1894,337695295.74999994,12842645.510000005,35873474.129999995,288936714.11,279.8951867927454,103.40912621359223,44.93,41.94,44.57,12037359,4615494,96.6,105.367,12.8,11.5,,,106.633,87.633,106.567,14.70566667
2019-06-17,2,6,2019,17,27000.0,1,13.6,,2090,465.29999999999995,384.5,3704,,,958,366,1894,337695295.74999994,12842645.510000005,35873474.129999995,288936714.11,279.8951867927454,103.40912621359223,44.93,41.94,44.57,12037359,4615494,96.6,105.367,12.8,11.5,,,106.633,87.633,106.567,14.70566667
2019-06-18,2,6,2019,18,47500.0,2,13.6,,2090,465.29999999999995,384.5,3704,,,958,366,1894,337695295.74999994,12842645.510000005,35873474.129999995,288936714.11,279.8951867927454,103.40912621359223,44.93,41.94,44.57,12037359,4615494,96.6,105.367,12.8,11.5,,,106.633,87.633,106.567,14.70566667
2019-06-19,2,6,2019,19,22500.0,1,13.6,,2090,465.29999999999995,384.5,3704,,,958,366,1894,337695295.74999994,12842645.510000005,35873474.129999995,288936714.11,279.8951867927454,103.40912621359223,44.93,41.94,44.57,12037359,4615494,96.6,105.367,12.8,11.5,,,106.633,87.633,106.567,14.70566667
2019-06-20,2,6,2019,20,40000.0,1,13.6,,2090,465.29999999999995,384.5,3704,,,958,366,1894,337695295.74999994,12842645.510000005,35873474.129999995,288936714.11,279.8951867927454,103.40912621359223,44.93,41.94,44.57,12037359,4615494,96.6,105.367,12.8,11.5,,,106.633,87.633,106.567,14.70566667
2019-06-21,2,6,2019,21,30000.0,1,13.6,,2090,465.29999999999995,384.5,3704,,,958,366,1894,337695295.74999994,12842645.510000005,35873474.129999995,288936714.11,279.8951867927454,103.40912621359223,44.93,41.94,44.57,12037359,4615494,96.6,105.367,12.8,11.5,,,106.633,87.633,106.567,14.70566667
2019-06-22,2,6,2019,22,50000.0,2,13.6,,2090,465.29999999999995,384.5,3704,,,958,366,1894,337695295.74999994,12842645.510000005,35873474.129999995,288936714.11,279.8951867927454,103.40912621359223,44.93,41.94,44.57,12037359,4615494,96.6,105.367,12.8,11.5,,,106.633,87.633,106.567,14.70566667
2019-06-24,2,6,2019,24,57500.0,4,13.6,,2090,465.29999999999995,384.5,3704,,,958,366,1894,337695295.74999994,12842645.510000005,35873474.129999995,288936714.11,279.8951867927454,103.40912621359223,44.93,41.94,44.57,12037359,4615494,96.6,105.367,12.8,11.5,,,106.633,87.633,106.567,14.70566667
2019-06-25,2,6,2019,25,40000.0,1,13.6,,2090,465.29999999999995,384.5,3704,,,958,366,1894,337695295.74999994,12842645.510000005,35873474.129999995,288936714.11,279.8951867927454,103.40912621359223,44.93,41.94,44.57,12037359,4615494,96.6,105.367,12.8,11.5,,,106.633,87.633,106.567,14.70566667
2019-06-27,2,6,2019,27,50000.0,1,13.6,,2090,465.29999999999995,384.5,3704,,,958,366,1894,337695295.74999994,12842645.510000005,35873474.129999995,288936714.11,279.8951867927454,103.40912621359223,44.93,41.94,44.57,12037359,4615494,96.6,105.367,12.8,11.5,,,106.633,87.633,106.567,14.70566667
2019-06-28,2,6,2019,28,64000.0,1,13.6,,2090,465.29999999999995,384.5,3704,,,958,366,1894,337695295.74999994,12842645.510000005,35873474.129999995,288936714.11,279.8951867927454,103.40912621359223,44.93,41.94,44.57,12037359,4615494,96.6,105.367,12.8,11.5,,,106.633,87.633,106.567,14.70566667
2019-06-30,2,6,2019,30,30000.0,1,13.6,,2090,465.29999999999995,384.5,3704,,,958,366,1894,337695295.74999994,12842645.510000005,35873474.129999995,288936714.11,279.8951867927454,103.40912621359223,44.93,41.94,44.57,12037359,4615494,96.6,105.367,12.8,11.5,,,106.633,87.633,106.567,14.70566667
2019-07-01,3,7,2019,1,40000.0,3,39.2,,1910,550.9000000000001,412.79999999999995,3965,148,148,797,333,2159,136911568.06000006,26937806.409999996,72932736.54000002,36948124.109999955,295.27021080873897,108.30616407650926,44.96,42.03,44.53,12839333,4831899,129.167,100.333,44.60000000000001,14.1,,,94.367,111.4,98.7,15.406
2019-07-02,3,7,2019,2,40000.0,1,39.2,,1910,550.9000000000001,412.79999999999995,3965,148,148,797,333,2159,136911568.06000006,26937806.409999996,72932736.54000002,36948124.109999955,295.27021080873897,108.30616407650926,44.96,42.03,44.53,12839333,4831899,129.167,100.333,44.60000000000001,14.1,,,94.367,111.4,98.7,15.406
2019-07-03,3,7,2019,3,57500.0,6,39.2,,1910,550.9000000000001,412.79999999999995,3965,148,148,797,333,2159,136911568.06000006,26937806.409999996,72932736.54000002,36948124.109999955,295.27021080873897,108.30616407650926,44.96,42.03,44.53,12839333,4831899,129.167,100.333,44.60000000000001,14.1,,,94.367,111.4,98.7,15.406
2019-07-04,3,7,2019,4,55000.0,1,39.2,,1910,550.9000000000001,412.79999999999995,3965,148,148,797,333,2159,136911568.06000006,26937806.409999996,72932736.54000002,36948124.109999955,295.27021080873897,108.30616407650926,44.96,42.03,44.53,12839333,4831899,129.167,100.333,44.60000000000001,14.1,,,94.367,111.4,98.7,15.406
2019-07-05,3,7,2019,5,45000.0,2,39.2,,1910,550.9000000000001,412.79999999999995,3965,148,148,797,333,2159,136911568.06000006,26937806.409999996,72932736.54000002,36948124.109999955,295.27021080873897,108.30616407650926,44.96,42.03,44.53,12839333,4831899,129.167,100.333,44.60000000000001,14.1,,,94.367,111.4,98.7,15.406
2019-07-08,3,7,2019,8,57500.0,11,39.2,,1910,550.9000000000001,412.79999999999995,3965,148,148,797,333,2159,136911568.06000006,26937806.409999996,72932736.54000002,36948124.109999955,295.27021080873897,108.30616407650926,44.96,42.03,44.53,12839333,4831899,129.167,100.333,44.60000000000001,14.1,,,94.367,111.4,98.7,15.406
2019-07-09,3,7,2019,9,40000.0,1,39.2,,1910,550.9000000000001,412.79999999999995,3965,148,148,797,333,2159,136911568.06000006,26937806.409999996,72932736.54000002,36948124.109999955,295.27021080873897,108.30616407650926,44.96,42.03,44.53,12839333,4831899,129.167,100.333,44.60000000000001,14.1,,,94.367,111.4,98.7,15.406
2019-07-19,3,7,2019,19,45000.0,1,39.2,,1910,550.9000000000001,412.79999999999995,3965,148,148,797,333,2159,136911568.06000006,26937806.409999996,72932736.54000002,36948124.109999955,295.27021080873897,108.30616407650926,44.96,42.03,44.53,12839333,4831899,129.167,100.333,44.60000000000001,14.1,,,94.367,111.4,98.7,15.406
2019-07-20,3,7,2019,20,75000.0,1,39.2,,1910,550.9000000000001,412.79999999999995,3965,148,148,797,333,2159,136911568.06000006,26937806.409999996,72932736.54000002,36948124.109999955,295.27021080873897,108.30616407650926,44.96,42.03,44.53,12839333,4831899,129.167,100.333,44.60000000000001,14.1,,,94.367,111.4,98.7,15.406
2019-07-22,3,7,2019,22,37500.0,2,39.2,,1910,550.9000000000001,412.79999999999995,3965,148,148,797,333,2159,136911568.06000006,26937806.409999996,72932736.54000002,36948124.109999955,295.27021080873897,108.30616407650926,44.96,42.03,44.53,12839333,4831899,129.167,100.333,44.60000000000001,14.1,,,94.367,111.4,98.7,15.406
2019-07-23,3,7,2019,23,50000.0,1,39.2,,1910,550.9000000000001,412.79999999999995,3965,148,148,797,333,2159,136911568.06000006,26937806.409999996,72932736.54000002,36948124.109999955,295.27021080873897,108.30616407650926,44.96,42.03,44.53,12839333,4831899,129.167,100.333,44.60000000000001,14.1,,,94.367,111.4,98.7,15.406
2019-07-24,3,7,2019,24,35000.0,1,39.2,,1910,550.9000000000001,412.79999999999995,3965,148,148,797,333,2159,136911568.06000006,26937806.409999996,72932736.54000002,36948124.109999955,295.27021080873897,108.30616407650926,44.96,42.03,44.53,12839333,4831899,129.167,100.333,44.60000000000001,14.1,,,94.367,111.4,98.7,15.406
2019-07-25,3,7,2019,25,57500.0,5,39.2,,1910,550.9000000000001,412.79999999999995,3965,148,148,797,333,2159,136911568.06000006,26937806.409999996,72932736.54000002,36948124.109999955,295.27021080873897,108.30616407650926,44.96,42.03,44.53,12839333,4831899,129.167,100.333,44.60000000000001,14.1,,,94.367,111.4,98.7,15.406
2019-07-29,3,7,2019,29,25000.0,11,39.2,,1910,550.9000000000001,412.79999999999995,3965,148,148,797,333,2159,136911568.06000006,26937806.409999996,72932736.54000002,36948124.109999955,295.27021080873897,108.30616407650926,44.96,42.03,44.53,12839333,4831899,129.167,100.333,44.60000000000001,14.1,,,94.367,111.4,98.7,15.406
2019-08-01,3,8,2019,1,57500.0,6,39.2,,1728,550.9000000000001,412.79999999999995,4312,299,151,1002,389,2299,453883020.90999997,19211176.629999995,90639561.22,343955562.06,295.27021080873897,108.30616407650926,45.02,41.96,44.68,12839333,4831899,94.097,112.742,44.60000000000001,14.1,,,106.839,93.71,108.548,15.58612903
2019-08-02,3,8,2019,2,19500.0,2,39.2,,1728,550.9000000000001,412.79999999999995,4312,299,151,1002,389,2299,453883020.90999997,19211176.629999995,90639561.22,343955562.06,295.27021080873897,108.30616407650926,45.02,41.96,44.68,12839333,4831899,94.097,112.742,44.60000000000001,14.1,,,106.839,93.71,108.548,15.58612903
2019-08-05,3,8,2019,5,57500.0,7,39.2,,1728,550.9000000000001,412.79999999999995,4312,299,151,1002,389,2299,453883020.90999997,19211176.629999995,90639561.22,343955562.06,295.27021080873897,108.30616407650926,45.02,41.96,44.68,12839333,4831899,94.097,112.742,44.60000000000001,14.1,,,106.839,93.71,108.548,15.58612903
2019-08-06,3,8,2019,6,30000.0,1,39.2,,1728,550.9000000000001,412.79999999999995,4312,299,151,1002,389,2299,453883020.90999997,19211176.629999995,90639561.22,343955562.06,295.27021080873897,108.30616407650926,45.02,41.96,44.68,12839333,4831899,94.097,112.742,44.60000000000001,14.1,,,106.839,93.71,108.548,15.58612903
2019-08-07,3,8,2019,7,60000.0,1,39.2,,1728,550.9000000000001,412.79999999999995,4312,299,151,1002,389,2299,453883020.90999997,19211176.629999995,90639561.22,343955562.06,295.27021080873897,108.30616407650926,45.02,41.96,44.68,12839333,4831899,94.097,112.742,44.60000000000001,14.1,,,106.839,93.71,108.548,15.58612903
2019-08-08,3,8,2019,8,60000.0,1,39.2,,1728,550.9000000000001,412.79999999999995,4312,299,151,1002,389,2299,453883020.90999997,19211176.629999995,90639561.22,343955562.06,295.27021080873897,108.30616407650926,45.02,41.96,44.68,12839333,4831899,94.097,112.742,44.60000000000001,14.1,,,106.839,93.71,108.548,15.58612903
2019-08-09,3,8,2019,9,37500.0,3,39.2,,1728,550.9000000000001,412.79999999999995,4312,299,151,1002,389,2299,453883020.90999997,19211176.629999995,90639561.22,343955562.06,295.27021080873897,108.30616407650926,45.02,41.96,44.68,12839333,4831899,94.097,112.742,44.60000000000001,14.1,,,106.839,93.71,108.548,15.58612903
2019-08-11,3,8,2019,11,55000.0,1,39.2,,1728,550.9000000000001,412.79999999999995,4312,299,151,1002,389,2299,453883020.90999997,19211176.629999995,90639561.22,343955562.06,295.27021080873897,108.30616407650926,45.02,41.96,44.68,12839333,4831899,94.097,112.742,44.60000000000001,14.1,,,106.839,93.71,108.548,15.58612903
2019-08-13,3,8,2019,13,30000.0,3,39.2,,1728,550.9000000000001,412.79999999999995,4312,299,151,1002,389,2299,453883020.90999997,19211176.629999995,90639561.22,343955562.06,295.27021080873897,108.30616407650926,45.02,41.96,44.68,12839333,4831899,94.097,112.742,44.60000000000001,14.1,,,106.839,93.71,108.548,15.58612903
2019-08-14,3,8,2019,14,28750.0,4,39.2,,1728,550.9000000000001,412.79999999999995,4312,299,151,1002,389,2299,453883020.90999997,19211176.629999995,90639561.22,343955562.06,295.27021080873897,108.30616407650926,45.02,41.96,44.68,12839333,4831899,94.097,112.742,44.60000000000001,14.1,,,106.839,93.71,108.548,15.58612903
2019-08-15,3,8,2019,15,47500.0,2,39.2,,1728,550.9000000000001,412.79999999999995,4312,299,151,1002,389,2299,453883020.90999997,19211176.629999995,90639561.22,343955562.06,295.27021080873897,108.30616407650926,45.02,41.96,44.68,12839333,4831899,94.097,112.742,44.60000000000001,14.1,,,106.839,93.71,108.548,15.58612903
2019-08-22,3,8,2019,22,75000.0,1,39.2,,1728,550.9000000000001,412.79999999999995,4312,299,151,1002,389,2299,453883020.90999997,19211176.629999995,90639561.22,343955562.06,295.27021080873897,108.30616407650926,45.02,41.96,44.68,12839333,4831899,94.097,112.742,44.60000000000001,14.1,,,106.839,93.71,108.548,15.58612903
2019-08-23,3,8,2019,23,57500.0,8,39.2,,1728,550.9000000000001,412.79999999999995,4312,299,151,1002,389,2299,453883020.90999997,19211176.629999995,90639561.22,343955562.06,295.27021080873897,108.30616407650926,45.02,41.96,44.68,12839333,4831899,94.097,112.742,44.60000000000001,14.1,,,106.839,93.71,108.548,15.58612903
2019-08-26,3,8,2019,26,42500.0,1,39.2,,1728,550.9000000000001,412.79999999999995,4312,299,151,1002,389,2299,453883020.90999997,19211176.629999995,90639561.22,343955562.06,295.27021080873897,108.30616407650926,45.02,41.96,44.68,12839333,4831899,94.097,112.742,44.60000000000001,14.1,,,106.839,93.71,108.548,15.58612903
2019-08-30,3,8,2019,30,57500.0,5,39.2,,1728,550.9000000000001,412.79999999999995,4312,299,151,1002,389,2299,453883020.90999997,19211176.629999995,90639561.22,343955562.06,295.27021080873897,108.30616407650926,45.02,41.96,44.68,12839333,4831899,94.097,112.742,44.60000000000001,14.1,,,106.839,93.71,108.548,15.58612903
2019-09-02,3,9,2019,2,55000.0,3,39.2,,1932,550.9000000000001,412.79999999999995,4474,646,347,1171,471,2299,244850589.69000006,34927798.34,115018095.50999999,92430112.09000003,295.27021080873897,108.30616407650926,44.98,41.95,44.63,12839333,4831899,94.733,103.7,44.60000000000001,14.1,,,97.833,97.267,103,15.09933333
2019-09-04,3,9,2019,4,45000.0,1,39.2,,1932,550.9000000000001,412.79999999999995,4474,646,347,1171,471,2299,244850589.69000006,34927798.34,115018095.50999999,92430112.09000003,295.27021080873897,108.30616407650926,44.98,41.95,44.63,12839333,4831899,94.733,103.7,44.60000000000001,14.1,,,97.833,97.267,103,15.09933333
2019-09-05,3,9,2019,5,57500.0,4,39.2,,1932,550.9000000000001,412.79999999999995,4474,646,347,1171,471,2299,244850589.69000006,34927798.34,115018095.50999999,92430112.09000003,295.27021080873897,108.30616407650926,44.98,41.95,44.63,12839333,4831899,94.733,103.7,44.60000000000001,14.1,,,97.833,97.267,103,15.09933333
2019-09-07,3,9,2019,7,57500.0,1,39.2,,1932,550.9000000000001,412.79999999999995,4474,646,347,1171,471,2299,244850589.69000006,34927798.34,115018095.50999999,92430112.09000003,295.27021080873897,108.30616407650926,44.98,41.95,44.63,12839333,4831899,94.733,103.7,44.60000000000001,14.1,,,97.833,97.267,103,15.09933333
2019-09-11,3,9,2019,11,60000.0,2,39.2,,1932,550.9000000000001,412.79999999999995,4474,646,347,1171,471,2299,244850589.69000006,34927798.34,115018095.50999999,92430112.09000003,295.27021080873897,108.30616407650926,44.98,41.95,44.63,12839333,4831899,94.733,103.7,44.60000000000001,14.1,,,97.833,97.267,103,15.09933333
2019-09-12,3,9,2019,12,42500.0,1,39.2,,1932,550.9000000000001,412.79999999999995,4474,646,347,1171,471,2299,244850589.69000006,34927798.34,115018095.50999999,92430112.09000003,295.27021080873897,108.30616407650926,44.98,41.95,44.63,12839333,4831899,94.733,103.7,44.60000000000001,14.1,,,97.833,97.267,103,15.09933333
2019-09-13,3,9,2019,13,25000.0,1,39.2,,1932,550.9000000000001,412.79999999999995,4474,646,347,1171,471,2299,244850589.69000006,34927798.34,115018095.50999999,92430112.09000003,295.27021080873897,108.30616407650926,44.98,41.95,44.63,12839333,4831899,94.733,103.7,44.60000000000001,14.1,,,97.833,97.267,103,15.09933333
2019-09-14,3,9,2019,14,57500.0,1,39.2,,1932,550.9000000000001,412.79999999999995,4474,646,347,1171,471,2299,244850589.69000006,34927798.34,115018095.50999999,92430112.09000003,295.27021080873897,108.30616407650926,44.98,41.95,44.63,12839333,4831899,94.733,103.7,44.60000000000001,14.1,,,97.833,97.267,103,15.09933333
2019-09-16,3,9,2019,16,37500.0,1,39.2,,1932,550.9000000000001,412.79999999999995,4474,646,347,1171,471,2299,244850589.69000006,34927798.34,115018095.50999999,92430112.09000003,295.27021080873897,108.30616407650926,44.98,41.95,44.63,12839333,4831899,94.733,103.7,44.60000000000001,14.1,,,97.833,97.267,103,15.09933333
2019-09-18,3,9,2019,18,56500.0,1,39.2,,1932,550.9000000000001,412.79999999999995,4474,646,347,1171,471,2299,244850589.69000006,34927798.34,115018095.50999999,92430112.09000003,295.27021080873897,108.30616407650926,44.98,41.95,44.63,12839333,4831899,94.733,103.7,44.60000000000001,14.1,,,97.833,97.267,103,15.09933333
2019-09-19,3,9,2019,19,35000.0,2,39.2,,1932,550.9000000000001,412.79999999999995,4474,646,347,1171,471,2299,244850589.69000006,34927798.34,115018095.50999999,92430112.09000003,295.27021080873897,108.30616407650926,44.98,41.95,44.63,12839333,4831899,94.733,103.7,44.60000000000001,14.1,,,97.833,97.267,103,15.09933333
2019-09-23,3,9,2019,23,57500.0,5,39.2,,1932,550.9000000000001,412.79999999999995,4474,646,347,1171,471,2299,244850589.69000006,34927798.34,115018095.50999999,92430112.09000003,295.27021080873897,108.30616407650926,44.98,41.95,44.63,12839333,4831899,94.733,103.7,44.60000000000001,14.1,,,97.833,97.267,103,15.09933333
2019-09-26,3,9,2019,26,57500.0,6,39.2,,1932,550.9000000000001,412.79999999999995,4474,646,347,1171,471,2299,244850589.69000006,34927798.34,115018095.50999999,92430112.09000003,295.27021080873897,108.30616407650926,44.98,41.95,44.63,12839333,4831899,94.733,103.7,44.60000000000001,14.1,,,97.833,97.267,103,15.09933333
2019-09-27,3,9,2019,27,50000.0,2,39.2,,1932,550.9000000000001,412.79999999999995,4474,646,347,1171,471,2299,244850589.69000006,34927798.34,115018095.50999999,92430112.09000003,295.27021080873897,108.30616407650926,44.98,41.95,44.63,12839333,4831899,94.733,103.7,44.60000000000001,14.1,,,97.833,97.267,103,15.09933333
2019-09-30,3,9,2019,30,20000.0,1,39.2,,1932,550.9000000000001,412.79999999999995,4474,646,347,1171,471,2299,244850589.69000006,34927798.34,115018095.50999999,92430112.09000003,295.27021080873897,108.30616407650926,44.98,41.95,44.63,12839333,4831899,94.733,103.7,44.60000000000001,14.1,,,97.833,97.267,103,15.09933333
2019-10-01,4,10,2019,1,57500.0,2,23.299999999999997,,1733,842.6999999999998,677.9000000000001,5102,1434,788,1125,463,2645,241482660.69000006,35989344.58,151234818.45999998,53906426.850000024,274.10360986033726,107.3663508490635,45.24,42.06,45.19,11971932,4910579,129.871,100.903,26.39999999999999,9.899999999999999,,,94.161,111.516,99.29,15.36354839
2019-10-02,4,10,2019,2,57500.0,2,23.299999999999997,,1733,842.6999999999998,677.9000000000001,5102,1434,788,1125,463,2645,241482660.69000006,35989344.58,151234818.45999998,53906426.850000024,274.10360986033726,107.3663508490635,45.24,42.06,45.19,11971932,4910579,129.871,100.903,26.39999999999999,9.899999999999999,,,94.161,111.516,99.29,15.36354839
2019-10-03,4,10,2019,3,50000.0,1,23.299999999999997,,1733,842.6999999999998,677.9000000000001,5102,1434,788,1125,463,2645,241482660.69000006,35989344.58,151234818.45999998,53906426.850000024,274.10360986033726,107.3663508490635,45.24,42.06,45.19,11971932,4910579,129.871,100.903,26.39999999999999,9.899999999999999,,,94.161,111.516,99.29,15.36354839
2019-10-07,4,10,2019,7,51250.0,2,23.299999999999997,,1733,842.6999999999998,677.9000000000001,5102,1434,788,1125,463,2645,241482660.69000006,35989344.58,151234818.45999998,53906426.850000024,274.10360986033726,107.3663508490635,45.24,42.06,45.19,11971932,4910579,129.871,100.903,26.39999999999999,9.899999999999999,,,94.161,111.516,99.29,15.36354839
2019-10-09,4,10,2019,9,65000.0,1,23.299999999999997,,1733,842.6999999999998,677.9000000000001,5102,1434,788,1125,463,2645,241482660.69000006,35989344.58,151234818.45999998,53906426.850000024,274.10360986033726,107.3663508490635,45.24,42.06,45.19,11971932,4910579,129.871,100.903,26.39999999999999,9.899999999999999,,,94.161,111.516,99.29,15.36354839
2019-10-10,4,10,2019,10,42500.0,1,23.299999999999997,,1733,842.6999999999998,677.9000000000001,5102,1434,788,1125,463,2645,241482660.69000006,35989344.58,151234818.45999998,53906426.850000024,274.10360986033726,107.3663508490635,45.24,42.06,45.19,11971932,4910579,129.871,100.903,26.39999999999999,9.899999999999999,,,94.161,111.516,99.29,15.36354839
2019-10-14,4,10,2019,14,57500.0,4,23.299999999999997,,1733,842.6999999999998,677.9000000000001,5102,1434,788,1125,463,2645,241482660.69000006,35989344.58,151234818.45999998,53906426.850000024,274.10360986033726,107.3663508490635,45.24,42.06,45.19,11971932,4910579,129.871,100.903,26.39999999999999,9.899999999999999,,,94.161,111.516,99.29,15.36354839
2019-10-18,4,10,2019,18,30000.0,1,23.299999999999997,,1733,842.6999999999998,677.9000000000001,5102,1434,788,1125,463,2645,241482660.69000006,35989344.58,151234818.45999998,53906426.850000024,274.10360986033726,107.3663508490635,45.24,42.06,45.19,11971932,4910579,129.871,100.903,26.39999999999999,9.899999999999999,,,94.161,111.516,99.29,15.36354839
2019-10-23,4,10,2019,23,57500.0,3,23.299999999999997,,1733,842.6999999999998,677.9000000000001,5102,1434,788,1125,463,2645,241482660.69000006,35989344.58,151234818.45999998,53906426.850000024,274.10360986033726,107.3663508490635,45.24,42.06,45.19,11971932,4910579,129.871,100.903,26.39999999999999,9.899999999999999,,,94.161,111.516,99.29,15.36354839
2019-10-24,4,10,2019,24,35000.0,1,23.299999999999997,,1733,842.6999999999998,677.9000000000001,5102,1434,788,1125,463,2645,241482660.69000006,35989344.58,151234818.45999998,53906426.850000024,274.10360986033726,107.3663508490635,45.24,42.06,45.19,11971932,4910579,129.871,100.903,26.39999999999999,9.899999999999999,,,94.161,111.516,99.29,15.36354839
2019-10-27,4,10,2019,27,57500.0,8,23.299999999999997,,1733,842.6999999999998,677.9000000000001,5102,1434,788,1125,463,2645,241482660.69000006,35989344.58,151234818.45999998,53906426.850000024,274.10360986033726,107.3663508490635,45.24,42.06,45.19,11971932,4910579,129.871,100.903,26.39999999999999,9.899999999999999,,,94.161,111.516,99.29,15.36354839
2019-10-29,4,10,2019,29,47500.0,2,23.299999999999997,,1733,842.6999999999998,677.9000000000001,5102,1434,788,1125,463,2645,241482660.69000006,35989344.58,151234818.45999998,53906426.850000024,274.10360986033726,107.3663508490635,45.24,42.06,45.19,11971932,4910579,129.871,100.903,26.39999999999999,9.899999999999999,,,94.161,111.516,99.29,15.36354839
2019-10-30,4,10,2019,30,40000.0,1,23.299999999999997,,1733,842.6999999999998,677.9000000000001,5102,1434,788,1125,463,2645,241482660.69000006,35989344.58,151234818.45999998,53906426.850000024,274.10360986033726,107.3663508490635,45.24,42.06,45.19,11971932,4910579,129.871,100.903,26.39999999999999,9.899999999999999,,,94.161,111.516,99.29,15.36354839
2019-11-05,4,11,2019,5,57500.0,4,23.299999999999997,,1674,842.6999999999998,677.9000000000001,5274,2272,838,1257,503,2710,569753627.3500001,35617970.84,327032918.76,206935089.04999995,274.10360986033726,107.3663508490635,45.24,42.06,45.19,11971932,4910579,114.333,95.633,26.39999999999999,9.899999999999999,,,112.833,117.733,96.633,16.098
2019-11-06,4,11,2019,6,67500.0,1,23.299999999999997,,1674,842.6999999999998,677.9000000000001,5274,2272,838,1257,503,2710,569753627.3500001,35617970.84,327032918.76,206935089.04999995,274.10360986033726,107.3663508490635,45.24,42.06,45.19,11971932,4910579,114.333,95.633,26.39999999999999,9.899999999999999,,,112.833,117.733,96.633,16.098
2019-11-13,4,11,2019,13,65000.0,1,23.299999999999997,,1674,842.6999999999998,677.9000000000001,5274,2272,838,1257,503,2710,569753627.3500001,35617970.84,327032918.76,206935089.04999995,274.10360986033726,107.3663508490635,45.24,42.06,45.19,11971932,4910579,114.333,95.633,26.39999999999999,9.899999999999999,,,112.833,117.733,96.633,16.098
2019-11-15,4,11,2019,15,50000.0,1,23.299999999999997,,1674,842.6999999999998,677.9000000000001,5274,2272,838,1257,503,2710,569753627.3500001,35617970.84,327032918.76,206935089.04999995,274.10360986033726,107.3663508490635,45.24,42.06,45.19,11971932,4910579,114.333,95.633,26.39999999999999,9.899999999999999,,,112.833,117.733,96.633,16.098
2019-11-21,4,11,2019,21,40000.0,5,23.299999999999997,,1674,842.6999999999998,677.9000000000001,5274,2272,838,1257,503,2710,569753627.3500001,35617970.84,327032918.76,206935089.04999995,274.10360986033726,107.3663508490635,45.24,42.06,45.19,11971932,4910579,114.333,95.633,26.39999999999999,9.899999999999999,,,112.833,117.733,96.633,16.098
2019-11-22,4,11,2019,22,57500.0,1,23.299999999999997,,1674,842.6999999999998,677.9000000000001,5274,2272,838,1257,503,2710,569753627.3500001,35617970.84,327032918.76,206935089.04999995,274.10360986033726,107.3663508490635,45.24,42.06,45.19,11971932,4910579,114.333,95.633,26.39999999999999,9.899999999999999,,,112.833,117.733,96.633,16.098
2019-11-25,4,11,2019,25,57500.0,9,23.299999999999997,,1674,842.6999999999998,677.9000000000001,5274,2272,838,1257,503,2710,569753627.3500001,35617970.84,327032918.76,206935089.04999995,274.10360986033726,107.3663508490635,45.24,42.06,45.19,11971932,4910579,114.333,95.633,26.39999999999999,9.899999999999999,,,112.833,117.733,96.633,16.098
2019-11-27,4,11,2019,27,50000.0,1,23.299999999999997,,1674,842.6999999999998,677.9000000000001,5274,2272,838,1257,503,2710,569753627.3500001,35617970.84,327032918.76,206935089.04999995,274.10360986033726,107.3663508490635,45.24,42.06,45.19,11971932,4910579,114.333,95.633,26.39999999999999,9.899999999999999,,,112.833,117.733,96.633,16.098
2019-11-28,4,11,2019,28,40000.0,5,23.299999999999997,,1674,842.6999999999998,677.9000000000001,5274,2272,838,1257,503,2710,569753627.3500001,35617970.84,327032918.76,206935089.04999995,274.10360986033726,107.3663508490635,45.24,42.06,45.19,11971932,4910579,114.333,95.633,26.39999999999999,9.899999999999999,,,112.833,117.733,96.633,16.098
2019-12-05,4,12,2019,5,57500.0,1,23.299999999999997,1906249,1685,842.6999999999998,677.9000000000001,6888,2945,673,1489,549,3485,1243883227.0099998,411322154.11,543785455.53,242273974.3800001,274.10360986033726,107.3663508490635,45.35,42.11,46.83,11971932,4910579,108.533,97.3,26.39999999999999,9.899999999999999,,78.13,126.333,115.467,97.5,13.91709677
2019-12-08,4,12,2019,8,50000.0,1,23.299999999999997,1906249,1685,842.6999999999998,677.9000000000001,6888,2945,673,1489,549,3485,1243883227.0099998,411322154.11,543785455.53,242273974.3800001,274.10360986033726,107.3663508490635,45.35,42.11,46.83,11971932,4910579,108.533,97.3,26.39999999999999,9.899999999999999,,78.13,126.333,115.467,97.5,13.91709677
2019-12-09,4,12,2019,9,57500.0,2,23.299999999999997,1906249,1685,842.6999999999998,677.9000000000001,6888,2945,673,1489,549,3485,1243883227.0099998,411322154.11,543785455.53,242273974.3800001,274.10360986033726,107.3663508490635,45.35,42.11,46.83,11971932,4910579,108.533,97.3,26.39999999999999,9.899999999999999,,78.13,126.333,115.467,97.5,13.91709677
2019-12-10,4,12,2019,10,80000.0,1,23.299999999999997,1906249,1685,842.6999999999998,677.9000000000001,6888,2945,673,1489,549,3485,1243883227.0099998,411322154.11,543785455.53,242273974.3800001,274.10360986033726,107.3663508490635,45.35,42.11,46.83,11971932,4910579,108.533,97.3,26.39999999999999,9.899999999999999,,78.13,126.333,115.467,97.5,13.91709677
2019-12-11,4,12,2019,11,50000.0,2,23.299999999999997,1906249,1685,842.6999999999998,677.9000000000001,6888,2945,673,1489,549,3485,1243883227.0099998,411322154.11,543785455.53,242273974.3800001,274.10360986033726,107.3663508490635,45.35,42.11,46.83,11971932,4910579,108.533,97.3,26.39999999999999,9.899999999999999,,78.13,126.333,115.467,97.5,13.91709677
2019-12-13,4,12,2019,13,57500.0,1,23.299999999999997,1906249,1685,842.6999999999998,677.9000000000001,6888,2945,673,1489,549,3485,1243883227.0099998,411322154.11,543785455.53,242273974.3800001,274.10360986033726,107.3663508490635,45.35,42.11,46.83,11971932,4910579,108.533,97.3,26.39999999999999,9.899999999999999,,78.13,126.333,115.467,97.5,13.91709677
2019-12-15,4,12,2019,15,25000.0,7,23.299999999999997,1906249,1685,842.6999999999998,677.9000000000001,6888,2945,673,1489,549,3485,1243883227.0099998,411322154.11,543785455.53,242273974.3800001,274.10360986033726,107.3663508490635,45.35,42.11,46.83,11971932,4910579,108.533,97.3,26.39999999999999,9.899999999999999,,78.13,126.333,115.467,97.5,13.91709677
2019-12-16,4,12,2019,16,25000.0,5,23.299999999999997,1906249,1685,842.6999999999998,677.9000000000001,6888,2945,673,1489,549,3485,1243883227.0099998,411322154.11,543785455.53,242273974.3800001,274.10360986033726,107.3663508490635,45.35,42.11,46.83,11971932,4910579,108.533,97.3,26.39999999999999,9.899999999999999,,78.13,126.333,115.467,97.5,13.91709677
2019-12-18,4,12,2019,18,60000.0,1,23.299999999999997,1906249,1685,842.6999999999998,677.9000000000001,6888,2945,673,1489,549,3485,1243883227.0099998,411322154.11,543785455.53,242273974.3800001,274.10360986033726,107.3663508490635,45.35,42.11,46.83,11971932,4910579,108.533,97.3,26.39999999999999,9.899999999999999,,78.13,126.333,115.467,97.5,13.91709677
2019-12-20,4,12,2019,20,53750.0,2,23.299999999999997,1906249,1685,842.6999999999998,677.9000000000001,6888,2945,673,1489,549,3485,1243883227.0099998,411322154.11,543785455.53,242273974.3800001,274.10360986033726,107.3663508490635,45.35,42.11,46.83,11971932,4910579,108.533,97.3,26.39999999999999,9.899999999999999,,78.13,126.333,115.467,97.5,13.91709677
2019-12-22,4,12,2019,22,30000.0,1,23.299999999999997,1906249,1685,842.6999999999998,677.9000000000001,6888,2945,673,1489,549,3485,1243883227.0099998,411322154.11,543785455.53,242273974.3800001,274.10360986033726,107.3663508490635,45.35,42.11,46.83,11971932,4910579,108.533,97.3,26.39999999999999,9.899999999999999,,78.13,126.333,115.467,97.5,13.91709677
2019-12-23,4,12,2019,23,57500.0,7,23.299999999999997,1906249,1685,842.6999999999998,677.9000000000001,6888,2945,673,1489,549,3485,1243883227.0099998,411322154.11,543785455.53,242273974.3800001,274.10360986033726,107.3663508490635,45.35,42.11,46.83,11971932,4910579,108.533,97.3,26.39999999999999,9.899999999999999,,78.13,126.333,115.467,97.5,13.91709677
2019-12-24,4,12,2019,24,47500.0,1,23.299999999999997,1906249,1685,842.6999999999998,677.9000000000001,6888,2945,673,1489,549,3485,1243883227.0099998,411322154.11,543785455.53,242273974.3800001,274.10360986033726,107.3663508490635,45.35,42.11,46.83,11971932,4910579,108.533,97.3,26.39999999999999,9.899999999999999,,78.13,126.333,115.467,97.5,13.91709677
2019-12-26,4,12,2019,26,25000.0,2,23.299999999999997,1906249,1685,842.6999999999998,677.9000000000001,6888,2945,673,1489,549,3485,1243883227.0099998,411322154.11,543785455.53,242273974.3800001,274.10360986033726,107.3663508490635,45.35,42.11,46.83,11971932,4910579,108.533,97.3,26.39999999999999,9.899999999999999,,78.13,126.333,115.467,97.5,13.91709677
2019-12-28,4,12,2019,28,52500.0,16,23.299999999999997,1906249,1685,842.6999999999998,677.9000000000001,6888,2945,673,1489,549,3485,1243883227.0099998,411322154.11,543785455.53,242273974.3800001,274.10360986033726,107.3663508490635,45.35,42.11,46.83,11971932,4910579,108.533,97.3,26.39999999999999,9.899999999999999,,78.13,126.333,115.467,97.5,13.91709677
2019-12-29,4,12,2019,29,40000.0,1,23.299999999999997,1906249,1685,842.6999999999998,677.9000000000001,6888,2945,673,1489,549,3485,1243883227.0099998,411322154.11,543785455.53,242273974.3800001,274.10360986033726,107.3663508490635,45.35,42.11,46.83,11971932,4910579,108.533,97.3,26.39999999999999,9.899999999999999,,78.13,126.333,115.467,97.5,13.91709677
2020-01-05,1,1,2020,5,57500.0,3,127,1737947,1746,912,645,3503,3860,915,844,307,1739,23026900.51,3664806.45,6770302.52,10953920.9,251.85199023943878,97.57842385516508,45.34,42.11,46.94,11009290,4581307,83.71,91.871,10,3.1,,63.61,100.161,101.065,95.097,15.62483871
2020-01-08,1,1,2020,8,50000.0,32,127,1737947,1746,912,645,3503,3860,915,844,307,1739,23026900.51,3664806.45,6770302.52,10953920.9,251.85199023943878,97.57842385516508,45.34,42.11,46.94,11009290,4581307,83.71,91.871,10,3.1,,63.61,100.161,101.065,95.097,15.62483871
2020-01-09,1,1,2020,9,50000.0,26,127,1737947,1746,912,645,3503,3860,915,844,307,1739,23026900.51,3664806.45,6770302.52,10953920.9,251.85199023943878,97.57842385516508,45.34,42.11,46.94,11009290,4581307,83.71,91.871,10,3.1,,63.61,100.161,101.065,95.097,15.62483871
2020-01-10,1,1,2020,10,50000.0,4,127,1737947,1746,912,645,3503,3860,915,844,307,1739,23026900.51,3664806.45,6770302.52,10953920.9,251.85199023943878,97.57842385516508,45.34,42.11,46.94,11009290,4581307,83.71,91.871,10,3.1,,63.61,100.161,101.065,95.097,15.62483871
2020-01-13,1,1,2020,13,60000.0,2,127,1737947,1746,912,645,3503,3860,915,844,307,1739,23026900.51,3664806.45,6770302.52,10953920.9,251.85199023943878,97.57842385516508,45.34,42.11,46.94,11009290,4581307,83.71,91.871,10,3.1,,63.61,100.161,101.065,95.097,15.62483871
2020-01-15,1,1,2020,15,40000.0,1,127,1737947,1746,912,645,3503,3860,915,844,307,1739,23026900.51,3664806.45,6770302.52,10953920.9,251.85199023943878,97.57842385516508,45.34,42.11,46.94,11009290,4581307,83.71,91.871,10,3.1,,63.61,100.161,101.065,95.097,15.62483871
2020-01-16,1,1,2020,16,20000.0,1,127,1737947,1746,912,645,3503,3860,915,844,307,1739,23026900.51,3664806.45,6770302.52,10953920.9,251.85199023943878,97.57842385516508,45.34,42.11,46.94,11009290,4581307,83.71,91.871,10,3.1,,63.61,100.161,101.065,95.097,15.62483871
2020-01-20,1,1,2020,20,37500.0,2,127,1737947,1746,912,645,3503,3860,915,844,307,1739,23026900.51,3664806.45,6770302.52,10953920.9,251.85199023943878,97.57842385516508,45.34,42.11,46.94,11009290,4581307,83.71,91.871,10,3.1,,63.61,100.161,101.065,95.097,15.62483871
2020-01-21,1,1,2020,21,50000.0,1,127,1737947,1746,912,645,3503,3860,915,844,307,1739,23026900.51,3664806.45,6770302.52,10953920.9,251.85199023943878,97.57842385516508,45.34,42.11,46.94,11009290,4581307,83.71,91.871,10,3.1,,63.61,100.161,101.065,95.097,15.62483871
2020-01-22,1,1,2020,22,40000.0,1,127,1737947,1746,912,645,3503,3860,915,844,307,1739,23026900.51,3664806.45,6770302.52,10953920.9,251.85199023943878,97.57842385516508,45.34,42.11,46.94,11009290,4581307,83.71,91.871,10,3.1,,63.61,100.161,101.065,95.097,15.62483871
2020-01-24,1,1,2020,24,30000.0,1,127,1737947,1746,912,645,3503,3860,915,844,307,1739,23026900.51,3664806.45,6770302.52,10953920.9,251.85199023943878,97.57842385516508,45.34,42.11,46.94,11009290,4581307,83.71,91.871,10,3.1,,63.61,100.161,101.065,95.097,15.62483871
2020-01-27,1,1,2020,27,31500.0,2,127,1737947,1746,912,645,3503,3860,915,844,307,1739,23026900.51,3664806.45,6770302.52,10953920.9,251.85199023943878,97.57842385516508,45.34,42.11,46.94,11009290,4581307,83.71,91.871,10,3.1,,63.61,100.161,101.065,95.097,15.62483871
2020-01-28,1,1,2020,28,45000.0,5,127,1737947,1746,912,645,3503,3860,915,844,307,1739,23026900.51,3664806.45,6770302.52,10953920.9,251.85199023943878,97.57842385516508,45.34,42.11,46.94,11009290,4581307,83.71,91.871,10,3.1,,63.61,100.161,101.065,95.097,15.62483871
2020-01-29,1,1,2020,29,57500.0,4,127,1737947,1746,912,645,3503,3860,915,844,307,1739,23026900.51,3664806.45,6770302.52,10953920.9,251.85199023943878,97.57842385516508,45.34,42.11,46.94,11009290,4581307,83.71,91.871,10,3.1,,63.61,100.161,101.065,95.097,15.62483871
2020-01-30,1,1,2020,30,26000.0,4,127,1737947,1746,912,645,3503,3860,915,844,307,1739,23026900.51,3664806.45,6770302.52,10953920.9,251.85199023943878,97.57842385516508,45.34,42.11,46.94,11009290,4581307,83.71,91.871,10,3.1,,63.61,100.161,101.065,95.097,15.62483871
2020-01-31,1,1,2020,31,36500.0,5,127,1737947,1746,912,645,3503,3860,915,844,307,1739,23026900.51,3664806.45,6770302.52,10953920.9,251.85199023943878,97.57842385516508,45.34,42.11,46.94,11009290,4581307,83.71,91.871,10,3.1,,63.61,100.161,101.065,95.097,15.62483871
2020-02-03,1,2,2020,3,57500.0,3,127,1664615,1584,912,645,4974,4585,725,1263,467,2478,171429792.17000002,9148427.61,7694673.24,144418752.04999998,251.85199023943878,97.57842385516508,45.31,42.11,47.07,11009290,4581307,95.75,92,10,3.1,,73.41,101.929,114.036,98.321,15.91678571
2020-02-05,1,2,2020,5,50000.0,11,127,1664615,1584,912,645,4974,4585,725,1263,467,2478,171429792.17000002,9148427.61,7694673.24,144418752.04999998,251.85199023943878,97.57842385516508,45.31,42.11,47.07,11009290,4581307,95.75,92,10,3.1,,73.41,101.929,114.036,98.321,15.91678571
2020-02-07,1,2,2020,7,61250.0,4,127,1664615,1584,912,645,4974,4585,725,1263,467,2478,171429792.17000002,9148427.61,7694673.24,144418752.04999998,251.85199023943878,97.57842385516508,45.31,42.11,47.07,11009290,4581307,95.75,92,10,3.1,,73.41,101.929,114.036,98.321,15.91678571
2020-02-13,1,2,2020,13,30000.0,3,127,1664615,1584,912,645,4974,4585,725,1263,467,2478,171429792.17000002,9148427.61,7694673.24,144418752.04999998,251.85199023943878,97.57842385516508,45.31,42.11,47.07,11009290,4581307,95.75,92,10,3.1,,73.41,101.929,114.036,98.321,15.91678571
2020-02-17,1,2,2020,17,60000.0,1,127,1664615,1584,912,645,4974,4585,725,1263,467,2478,171429792.17000002,9148427.61,7694673.24,144418752.04999998,251.85199023943878,97.57842385516508,45.31,42.11,47.07,11009290,4581307,95.75,92,10,3.1,,73.41,101.929,114.036,98.321,15.91678571
2020-02-18,1,2,2020,18,15000.0,2,127,1664615,1584,912,645,4974,4585,725,1263,467,2478,171429792.17000002,9148427.61,7694673.24,144418752.04999998,251.85199023943878,97.57842385516508,45.31,42.11,47.07,11009290,4581307,95.75,92,10,3.1,,73.41,101.929,114.036,98.321,15.91678571
2020-02-20,1,2,2020,20,40000.0,5,127,1664615,1584,912,645,4974,4585,725,1263,467,2478,171429792.17000002,9148427.61,7694673.24,144418752.04999998,251.85199023943878,97.57842385516508,45.31,42.11,47.07,11009290,4581307,95.75,92,10,3.1,,73.41,101.929,114.036,98.321,15.91678571
2020-02-24,1,2,2020,24,40000.0,1,127,1664615,1584,912,645,4974,4585,725,1263,467,2478,171429792.17000002,9148427.61,7694673.24,144418752.04999998,251.85199023943878,97.57842385516508,45.31,42.11,47.07,11009290,4581307,95.75,92,10,3.1,,73.41,101.929,114.036,98.321,15.91678571
2020-02-28,1,2,2020,28,57500.0,4,127,1664615,1584,912,645,4974,4585,725,1263,467,2478,171429792.17000002,9148427.61,7694673.24,144418752.04999998,251.85199023943878,97.57842385516508,45.31,42.11,47.07,11009290,4581307,95.75,92,10,3.1,,73.41,101.929,114.036,98.321,15.91678571
2020-03-02,1,3,2020,2,27500.0,1,127,1730991,1493,912,645,6025,5551,966,1426,509,2947,79237705.40999997,13194926.42,21389887.61,44624789.22,251.85199023943878,97.57842385516508,45.31,42.1,46.84,11009290,4581307,120.677,88.387,10,3.1,0.5,70.35,122.065,106.29,68.452,14.49032258
2020-03-05,1,3,2020,5,57500.0,4,127,1730991,1493,912,645,6025,5551,966,1426,509,2947,79237705.40999997,13194926.42,21389887.61,44624789.22,251.85199023943878,97.57842385516508,45.31,42.1,46.84,11009290,4581307,120.677,88.387,10,3.1,0.5,70.35,122.065,106.29,68.452,14.49032258
2020-03-09,1,3,2020,9,52500.0,2,127,1730991,1493,912,645,6025,5551,966,1426,509,2947,79237705.40999997,13194926.42,21389887.61,44624789.22,251.85199023943878,97.57842385516508,45.31,42.1,46.84,11009290,4581307,120.677,88.387,10,3.1,0.5,70.35,122.065,106.29,68.452,14.49032258
2020-03-13,1,3,2020,13,30000.0,2,127,1730991,1493,912,645,6025,5551,966,1426,509,2947,79237705.40999997,13194926.42,21389887.61,44624789.22,251.85199023943878,97.57842385516508,45.31,42.1,46.84,11009290,4581307,120.677,88.387,10,3.1,0.5,70.35,122.065,106.29,68.452,14.49032258
2020-03-16,1,3,2020,16,57500.0,1,127,1730991,1493,912,645,6025,5551,966,1426,509,2947,79237705.40999997,13194926.42,21389887.61,44624789.22,251.85199023943878,97.57842385516508,45.31,42.1,46.84,11009290,4581307,120.677,88.387,10,3.1,0.5,70.35,122.065,106.29,68.452,14.49032258
2020-03-17,1,3,2020,17,72500.0,1,127,1730991,1493,912,645,6025,5551,966,1426,509,2947,79237705.40999997,13194926.42,21389887.61,44624789.22,251.85199023943878,97.57842385516508,45.31,42.1,46.84,11009290,4581307,120.677,88.387,10,3.1,0.5,70.35,122.065,106.29,68.452,14.49032258
2020-03-23,1,3,2020,23,40000.0,1,127,1730991,1493,912,645,6025,5551,966,1426,509,2947,79237705.40999997,13194926.42,21389887.61,44624789.22,251.85199023943878,97.57842385516508,45.31,42.1,46.84,11009290,4581307,120.677,88.387,10,3.1,0.5,70.35,122.065,106.29,68.452,14.49032258
2020-03-24,1,3,2020,24,39000.0,1,127,1730991,1493,912,645,6025,5551,966,1426,509,2947,79237705.40999997,13194926.42,21389887.61,44624789.22,251.85199023943878,97.57842385516508,45.31,42.1,46.84,11009290,4581307,120.677,88.387,10,3.1,0.5,70.35,122.065,106.29,68.452,14.49032258
2020-03-30,1,3,2020,30,50000.0,3,127,1730991,1493,912,645,6025,5551,966,1426,509,2947,79237705.40999997,13194926.42,21389887.61,44624789.22,251.85199023943878,97.57842385516508,45.31,42.1,46.84,11009290,4581307,120.677,88.387,10,3.1,0.5,70.35,122.065,106.29,68.452,14.49032258
2020-03-31,1,3,2020,31,25000.0,1,127,1730991,1493,912,645,6025,5551,966,1426,509,2947,79237705.40999997,13194926.42,21389887.61,44624789.22,251.85199023943878,97.57842385516508,45.31,42.1,46.84,11009290,4581307,120.677,88.387,10,3.1,0.5,70.35,122.065,106.29,68.452,14.49032258
2020-04-03,2,4,2020,3,40000.0,1,8,1535936,1989,419.0999999999999,345,4038,7072,1521,698,278,2114,100893998.54000002,9160768.679999996,38146843.71,51957264.51000002,211.53035455585206,81.63618243980505,45.27,42.05,45.93,9247402,3740842,88.567,62.7,22,2.5,-28.38,41.93,86,33.8,18.467,21.946
2020-04-06,2,4,2020,6,30000.0,7,8,1535936,1989,419.0999999999999,345,4038,7072,1521,698,278,2114,100893998.54000002,9160768.679999996,38146843.71,51957264.51000002,211.53035455585206,81.63618243980505,45.27,42.05,45.93,9247402,3740842,88.567,62.7,22,2.5,-28.38,41.93,86,33.8,18.467,21.946
2020-04-07,2,4,2020,7,57500.0,3,8,1535936,1989,419.0999999999999,345,4038,7072,1521,698,278,2114,100893998.54000002,9160768.679999996,38146843.71,51957264.51000002,211.53035455585206,81.63618243980505,45.27,42.05,45.93,9247402,3740842,88.567,62.7,22,2.5,-28.38,41.93,86,33.8,18.467,21.946
2020-04-08,2,4,2020,8,35000.0,2,8,1535936,1989,419.0999999999999,345,4038,7072,1521,698,278,2114,100893998.54000002,9160768.679999996,38146843.71,51957264.51000002,211.53035455585206,81.63618243980505,45.27,42.05,45.93,9247402,3740842,88.567,62.7,22,2.5,-28.38,41.93,86,33.8,18.467,21.946
2020-04-09,2,4,2020,9,50000.0,1,8,1535936,1989,419.0999999999999,345,4038,7072,1521,698,278,2114,100893998.54000002,9160768.679999996,38146843.71,51957264.51000002,211.53035455585206,81.63618243980505,45.27,42.05,45.93,9247402,3740842,88.567,62.7,22,2.5,-28.38,41.93,86,33.8,18.467,21.946
2020-04-12,2,4,2020,12,30000.0,5,8,1535936,1989,419.0999999999999,345,4038,7072,1521,698,278,2114,100893998.54000002,9160768.679999996,38146843.71,51957264.51000002,211.53035455585206,81.63618243980505,45.27,42.05,45.93,9247402,3740842,88.567,62.7,22,2.5,-28.38,41.93,86,33.8,18.467,21.946
2020-04-13,2,4,2020,13,57500.0,4,8,1535936,1989,419.0999999999999,345,4038,7072,1521,698,278,2114,100893998.54000002,9160768.679999996,38146843.71,51957264.51000002,211.53035455585206,81.63618243980505,45.27,42.05,45.93,9247402,3740842,88.567,62.7,22,2.5,-28.38,41.93,86,33.8,18.467,21.946
2020-04-20,2,4,2020,20,35000.0,1,8,1535936,1989,419.0999999999999,345,4038,7072,1521,698,278,2114,100893998.54000002,9160768.679999996,38146843.71,51957264.51000002,211.53035455585206,81.63618243980505,45.27,42.05,45.93,9247402,3740842,88.567,62.7,22,2.5,-28.38,41.93,86,33.8,18.467,21.946
2020-04-21,2,4,2020,21,25000.0,11,8,1535936,1989,419.0999999999999,345,4038,7072,1521,698,278,2114,100893998.54000002,9160768.679999996,38146843.71,51957264.51000002,211.53035455585206,81.63618243980505,45.27,42.05,45.93,9247402,3740842,88.567,62.7,22,2.5,-28.38,41.93,86,33.8,18.467,21.946
2020-04-22,2,4,2020,22,22000.0,1,8,1535936,1989,419.0999999999999,345,4038,7072,1521,698,278,2114,100893998.54000002,9160768.679999996,38146843.71,51957264.51000002,211.53035455585206,81.63618243980505,45.27,42.05,45.93,9247402,3740842,88.567,62.7,22,2.5,-28.38,41.93,86,33.8,18.467,21.946
2020-04-28,2,4,2020,28,25000.0,1,8,1535936,1989,419.0999999999999,345,4038,7072,1521,698,278,2114,100893998.54000002,9160768.679999996,38146843.71,51957264.51000002,211.53035455585206,81.63618243980505,45.27,42.05,45.93,9247402,3740842,88.567,62.7,22,2.5,-28.38,41.93,86,33.8,18.467,21.946
2020-05-02,2,5,2020,2,20000.0,1,8,1370929,2259,419.0999999999999,345,3736,7876,804,1121,411,1823,101443977.42000002,11598254.940000005,42361600.97,47389099.870000005,211.53035455585206,81.63618243980505,45.23,42,45.72,9247402,3740842,107.161,79.968,22,2.5,-27.12,51.97,111.355,53.806,24,20.67354839
2020-05-04,2,5,2020,4,57500.0,4,8,1370929,2259,419.0999999999999,345,3736,7876,804,1121,411,1823,101443977.42000002,11598254.940000005,42361600.97,47389099.870000005,211.53035455585206,81.63618243980505,45.23,42,45.72,9247402,3740842,107.161,79.968,22,2.5,-27.12,51.97,111.355,53.806,24,20.67354839
2020-05-06,2,5,2020,6,25000.0,1,8,1370929,2259,419.0999999999999,345,3736,7876,804,1121,411,1823,101443977.42000002,11598254.940000005,42361600.97,47389099.870000005,211.53035455585206,81.63618243980505,45.23,42,45.72,9247402,3740842,107.161,79.968,22,2.5,-27.12,51.97,111.355,53.806,24,20.67354839
2020-05-08,2,5,2020,8,57500.0,3,8,1370929,2259,419.0999999999999,345,3736,7876,804,1121,411,1823,101443977.42000002,11598254.940000005,42361600.97,47389099.870000005,211.53035455585206,81.63618243980505,45.23,42,45.72,9247402,3740842,107.161,79.968,22,2.5,-27.12,51.97,111.355,53.806,24,20.67354839
2020-05-12,2,5,2020,12,30000.0,9,8,1370929,2259,419.0999999999999,345,3736,7876,804,1121,411,1823,101443977.42000002,11598254.940000005,42361600.97,47389099.870000005,211.53035455585206,81.63618243980505,45.23,42,45.72,9247402,3740842,107.161,79.968,22,2.5,-27.12,51.97,111.355,53.806,24,20.67354839
2020-05-15,2,5,2020,15,40000.0,1,8,1370929,2259,419.0999999999999,345,3736,7876,804,1121,411,1823,101443977.42000002,11598254.940000005,42361600.97,47389099.870000005,211.53035455585206,81.63618243980505,45.23,42,45.72,9247402,3740842,107.161,79.968,22,2.5,-27.12,51.97,111.355,53.806,24,20.67354839
2020-05-18,2,5,2020,18,50000.0,1,8,1370929,2259,419.0999999999999,345,3736,7876,804,1121,411,1823,101443977.42000002,11598254.940000005,42361600.97,47389099.870000005,211.53035455585206,81.63618243980505,45.23,42,45.72,9247402,3740842,107.161,79.968,22,2.5,-27.12,51.97,111.355,53.806,24,20.67354839
2020-05-19,2,5,2020,19,30000.0,5,8,1370929,2259,419.0999999999999,345,3736,7876,804,1121,411,1823,101443977.42000002,11598254.940000005,42361600.97,47389099.870000005,211.53035455585206,81.63618243980505,45.23,42,45.72,9247402,3740842,107.161,79.968,22,2.5,-27.12,51.97,111.355,53.806,24,20.67354839
2020-05-21,2,5,2020,21,15000.0,1,8,1370929,2259,419.0999999999999,345,3736,7876,804,1121,411,1823,101443977.42000002,11598254.940000005,42361600.97,47389099.870000005,211.53035455585206,81.63618243980505,45.23,42,45.72,9247402,3740842,107.161,79.968,22,2.5,-27.12,51.97,111.355,53.806,24,20.67354839
2020-05-25,2,5,2020,25,40000.0,5,8,1370929,2259,419.0999999999999,345,3736,7876,804,1121,411,1823,101443977.42000002,11598254.940000005,42361600.97,47389099.870000005,211.53035455585206,81.63618243980505,45.23,42,45.72,9247402,3740842,107.161,79.968,22,2.5,-27.12,51.97,111.355,53.806,24,20.67354839
2020-05-28,2,5,2020,28,25000.0,1,8,1370929,2259,419.0999999999999,345,3736,7876,804,1121,411,1823,101443977.42000002,11598254.940000005,42361600.97,47389099.870000005,211.53035455585206,81.63618243980505,45.23,42,45.72,9247402,3740842,107.161,79.968,22,2.5,-27.12,51.97,111.355,53.806,24,20.67354839
2020-05-29,2,5,2020,29,40000.0,3,8,1370929,2259,419.0999999999999,345,3736,7876,804,1121,411,1823,101443977.42000002,11598254.940000005,42361600.97,47389099.870000005,211.53035455585206,81.63618243980505,45.23,42,45.72,9247402,3740842,107.161,79.968,22,2.5,-27.12,51.97,111.355,53.806,24,20.67354839
2020-06-02,2,6,2020,2,41500.0,3,8,1339534,2171,419.0999999999999,345,5300,9064,1188,1543,584,2537,89448044.56,19599189.1,49960568.63000001,19792426.189999998,211.53035455585206,81.63618243980505,45.49,42.26,45.82,9247402,3740842,121.4,104.233,22,2.5,-16.23,66.93,133.4,103.467,41.633,18.49266667
2020-06-03,2,6,2020,3,80000.0,4,8,1339534,2171,419.0999999999999,345,5300,9064,1188,1543,584,2537,89448044.56,19599189.1,49960568.63000001,19792426.189999998,211.53035455585206,81.63618243980505,45.49,42.26,45.82,9247402,3740842,121.4,104.233,22,2.5,-16.23,66.93,133.4,103.467,41.633,18.49266667
2020-06-04,2,6,2020,4,37000.0,5,8,1339534,2171,419.0999999999999,345,5300,9064,1188,1543,584,2537,89448044.56,19599189.1,49960568.63000001,19792426.189999998,211.53035455585206,81.63618243980505,45.49,42.26,45.82,9247402,3740842,121.4,104.233,22,2.5,-16.23,66.93,133.4,103.467,41.633,18.49266667
2020-06-08,2,6,2020,8,30000.0,9,8,1339534,2171,419.0999999999999,345,5300,9064,1188,1543,584,2537,89448044.56,19599189.1,49960568.63000001,19792426.189999998,211.53035455585206,81.63618243980505,45.49,42.26,45.82,9247402,3740842,121.4,104.233,22,2.5,-16.23,66.93,133.4,103.467,41.633,18.49266667
2020-06-09,2,6,2020,9,20000.0,3,8,1339534,2171,419.0999999999999,345,5300,9064,1188,1543,584,2537,89448044.56,19599189.1,49960568.63000001,19792426.189999998,211.53035455585206,81.63618243980505,45.49,42.26,45.82,9247402,3740842,121.4,104.233,22,2.5,-16.23,66.93,133.4,103.467,41.633,18.49266667
2020-06-10,2,6,2020,10,31250.0,2,8,1339534,2171,419.0999999999999,345,5300,9064,1188,1543,584,2537,89448044.56,19599189.1,49960568.63000001,19792426.189999998,211.53035455585206,81.63618243980505,45.49,42.26,45.82,9247402,3740842,121.4,104.233,22,2.5,-16.23,66.93,133.4,103.467,41.633,18.49266667
2020-06-15,2,6,2020,15,52500.0,2,8,1339534,2171,419.0999999999999,345,5300,9064,1188,1543,584,2537,89448044.56,19599189.1,49960568.63000001,19792426.189999998,211.53035455585206,81.63618243980505,45.49,42.26,45.82,9247402,3740842,121.4,104.233,22,2.5,-16.23,66.93,133.4,103.467,41.633,18.49266667
2020-06-18,2,6,2020,18,80000.0,2,8,1339534,2171,419.0999999999999,345,5300,9064,1188,1543,584,2537,89448044.56,19599189.1,49960568.63000001,19792426.189999998,211.53035455585206,81.63618243980505,45.49,42.26,45.82,9247402,3740842,121.4,104.233,22,2.5,-16.23,66.93,133.4,103.467,41.633,18.49266667
2020-06-19,2,6,2020,19,50000.0,1,8,1339534,2171,419.0999999999999,345,5300,9064,1188,1543,584,2537,89448044.56,19599189.1,49960568.63000001,19792426.189999998,211.53035455585206,81.63618243980505,45.49,42.26,45.82,9247402,3740842,121.4,104.233,22,2.5,-16.23,66.93,133.4,103.467,41.633,18.49266667
2020-06-23,2,6,2020,23,40000.0,1,8,1339534,2171,419.0999999999999,345,5300,9064,1188,1543,584,2537,89448044.56,19599189.1,49960568.63000001,19792426.189999998,211.53035455585206,81.63618243980505,45.49,42.26,45.82,9247402,3740842,121.4,104.233,22,2.5,-16.23,66.93,133.4,103.467,41.633,18.49266667
2020-06-25,2,6,2020,25,42000.0,2,8,1339534,2171,419.0999999999999,345,5300,9064,1188,1543,584,2537,89448044.56,19599189.1,49960568.63000001,19792426.189999998,211.53035455585206,81.63618243980505,45.49,42.26,45.82,9247402,3740842,121.4,104.233,22,2.5,-16.23,66.93,133.4,103.467,41.633,18.49266667
2020-06-26,2,6,2020,26,38500.0,1,8,1339534,2171,419.0999999999999,345,5300,9064,1188,1543,584,2537,89448044.56,19599189.1,49960568.63000001,19792426.189999998,211.53035455585206,81.63618243980505,45.49,42.26,45.82,9247402,3740842,121.4,104.233,22,2.5,-16.23,66.93,133.4,103.467,41.633,18.49266667
2020-06-28,2,6,2020,28,65000.0,2,8,1339534,2171,419.0999999999999,345,5300,9064,1188,1543,584,2537,89448044.56,19599189.1,49960568.63000001,19792426.189999998,211.53035455585206,81.63618243980505,45.49,42.26,45.82,9247402,3740842,121.4,104.233,22,2.5,-16.23,66.93,133.4,103.467,41.633,18.49266667
2020-06-30,2,6,2020,30,22500.0,1,8,1339534,2171,419.0999999999999,345,5300,9064,1188,1543,584,2537,89448044.56,19599189.1,49960568.63000001,19792426.189999998,211.53035455585206,81.63618243980505,45.49,42.26,45.82,9247402,3740842,121.4,104.233,22,2.5,-16.23,66.93,133.4,103.467,41.633,18.49266667
2020-07-02,3,7,2020,2,57500.0,1,41,1445792,1677,461.9000000000001,375.20000000000005,6715,10848,1784,2105,776,3112,200333267.05999994,17844140.239999995,109501892.23000002,71252254.94999999,288.33834889802023,100.46273358631058,46.11,42.88,46.64,12864696,4677210,167.633,102.233,11,4.8,-6.7,72.16,129.967,135.5,84.233,18.62266667
2020-07-06,3,7,2020,6,57500.0,1,41,1445792,1677,461.9000000000001,375.20000000000005,6715,10848,1784,2105,776,3112,200333267.05999994,17844140.239999995,109501892.23000002,71252254.94999999,288.33834889802023,100.46273358631058,46.11,42.88,46.64,12864696,4677210,167.633,102.233,11,4.8,-6.7,72.16,129.967,135.5,84.233,18.62266667
2020-07-09,3,7,2020,9,22500.0,1,41,1445792,1677,461.9000000000001,375.20000000000005,6715,10848,1784,2105,776,3112,200333267.05999994,17844140.239999995,109501892.23000002,71252254.94999999,288.33834889802023,100.46273358631058,46.11,42.88,46.64,12864696,4677210,167.633,102.233,11,4.8,-6.7,72.16,129.967,135.5,84.233,18.62266667
2020-07-13,3,7,2020,13,30000.0,7,41,1445792,1677,461.9000000000001,375.20000000000005,6715,10848,1784,2105,776,3112,200333267.05999994,17844140.239999995,109501892.23000002,71252254.94999999,288.33834889802023,100.46273358631058,46.11,42.88,46.64,12864696,4677210,167.633,102.233,11,4.8,-6.7,72.16,129.967,135.5,84.233,18.62266667
2020-07-16,3,7,2020,16,37500.0,1,41,1445792,1677,461.9000000000001,375.20000000000005,6715,10848,1784,2105,776,3112,200333267.05999994,17844140.239999995,109501892.23000002,71252254.94999999,288.33834889802023,100.46273358631058,46.11,42.88,46.64,12864696,4677210,167.633,102.233,11,4.8,-6.7,72.16,129.967,135.5,84.233,18.62266667
2020-07-17,3,7,2020,17,30000.0,2,41,1445792,1677,461.9000000000001,375.20000000000005,6715,10848,1784,2105,776,3112,200333267.05999994,17844140.239999995,109501892.23000002,71252254.94999999,288.33834889802023,100.46273358631058,46.11,42.88,46.64,12864696,4677210,167.633,102.233,11,4.8,-6.7,72.16,129.967,135.5,84.233,18.62266667
2020-07-26,3,7,2020,26,42500.0,1,41,1445792,1677,461.9000000000001,375.20000000000005,6715,10848,1784,2105,776,3112,200333267.05999994,17844140.239999995,109501892.23000002,71252254.94999999,288.33834889802023,100.46273358631058,46.11,42.88,46.64,12864696,4677210,167.633,102.233,11,4.8,-6.7,72.16,129.967,135.5,84.233,18.62266667
2020-07-27,3,7,2020,27,50000.0,6,41,1445792,1677,461.9000000000001,375.20000000000005,6715,10848,1784,2105,776,3112,200333267.05999994,17844140.239999995,109501892.23000002,71252254.94999999,288.33834889802023,100.46273358631058,46.11,42.88,46.64,12864696,4677210,167.633,102.233,11,4.8,-6.7,72.16,129.967,135.5,84.233,18.62266667
2020-07-28,3,7,2020,28,55000.0,1,41,1445792,1677,461.9000000000001,375.20000000000005,6715,10848,1784,2105,776,3112,200333267.05999994,17844140.239999995,109501892.23000002,71252254.94999999,288.33834889802023,100.46273358631058,46.11,42.88,46.64,12864696,4677210,167.633,102.233,11,4.8,-6.7,72.16,129.967,135.5,84.233,18.62266667
2020-07-30,3,7,2020,30,53000.0,2,41,1445792,1677,461.9000000000001,375.20000000000005,6715,10848,1784,2105,776,3112,200333267.05999994,17844140.239999995,109501892.23000002,71252254.94999999,288.33834889802023,100.46273358631058,46.11,42.88,46.64,12864696,4677210,167.633,102.233,11,4.8,-6.7,72.16,129.967,135.5,84.233,18.62266667
2020-07-31,3,7,2020,31,37500.0,1,41,1445792,1677,461.9000000000001,375.20000000000005,6715,10848,1784,2105,776,3112,200333267.05999994,17844140.239999995,109501892.23000002,71252254.94999999,288.33834889802023,100.46273358631058,46.11,42.88,46.64,12864696,4677210,167.633,102.233,11,4.8,-6.7,72.16,129.967,135.5,84.233,18.62266667
2020-08-03,3,8,2020,3,60000.0,1,41,1482307,1949,461.9000000000001,375.20000000000005,7662,12845,1997,2462,884,3507,213459462.14,18098381.320000008,71460424.25999999,123815862.92000002,288.33834889802023,100.46273358631058,46.3,43.06,46.56,12864696,4677210,130.258,119.935,11,4.8,-1.04,71.94,136.903,119.774,100.032,18.30580645
2020-08-04,3,8,2020,4,55000.0,2,41,1482307,1949,461.9000000000001,375.20000000000005,7662,12845,1997,2462,884,3507,213459462.14,18098381.320000008,71460424.25999999,123815862.92000002,288.33834889802023,100.46273358631058,46.3,43.06,46.56,12864696,4677210,130.258,119.935,11,4.8,-1.04,71.94,136.903,119.774,100.032,18.30580645
2020-08-05,3,8,2020,5,15000.0,3,41,1482307,1949,461.9000000000001,375.20000000000005,7662,12845,1997,2462,884,3507,213459462.14,18098381.320000008,71460424.25999999,123815862.92000002,288.33834889802023,100.46273358631058,46.3,43.06,46.56,12864696,4677210,130.258,119.935,11,4.8,-1.04,71.94,136.903,119.774,100.032,18.30580645
2020-08-06,3,8,2020,6,46000.0,4,41,1482307,1949,461.9000000000001,375.20000000000005,7662,12845,1997,2462,884,3507,213459462.14,18098381.320000008,71460424.25999999,123815862.92000002,288.33834889802023,100.46273358631058,46.3,43.06,46.56,12864696,4677210,130.258,119.935,11,4.8,-1.04,71.94,136.903,119.774,100.032,18.30580645
2020-08-07,3,8,2020,7,28750.0,6,41,1482307,1949,461.9000000000001,375.20000000000005,7662,12845,1997,2462,884,3507,213459462.14,18098381.320000008,71460424.25999999,123815862.92000002,288.33834889802023,100.46273358631058,46.3,43.06,46.56,12864696,4677210,130.258,119.935,11,4.8,-1.04,71.94,136.903,119.774,100.032,18.30580645
2020-08-10,3,8,2020,10,57500.0,4,41,1482307,1949,461.9000000000001,375.20000000000005,7662,12845,1997,2462,884,3507,213459462.14,18098381.320000008,71460424.25999999,123815862.92000002,288.33834889802023,100.46273358631058,46.3,43.06,46.56,12864696,4677210,130.258,119.935,11,4.8,-1.04,71.94,136.903,119.774,100.032,18.30580645
2020-08-12,3,8,2020,12,50000.0,5,41,1482307,1949,461.9000000000001,375.20000000000005,7662,12845,1997,2462,884,3507,213459462.14,18098381.320000008,71460424.25999999,123815862.92000002,288.33834889802023,100.46273358631058,46.3,43.06,46.56,12864696,4677210,130.258,119.935,11,4.8,-1.04,71.94,136.903,119.774,100.032,18.30580645
2020-08-14,3,8,2020,14,20000.0,11,41,1482307,1949,461.9000000000001,375.20000000000005,7662,12845,1997,2462,884,3507,213459462.14,18098381.320000008,71460424.25999999,123815862.92000002,288.33834889802023,100.46273358631058,46.3,43.06,46.56,12864696,4677210,130.258,119.935,11,4.8,-1.04,71.94,136.903,119.774,100.032,18.30580645
2020-08-15,3,8,2020,15,50000.0,8,41,1482307,1949,461.9000000000001,375.20000000000005,7662,12845,1997,2462,884,3507,213459462.14,18098381.320000008,71460424.25999999,123815862.92000002,288.33834889802023,100.46273358631058,46.3,43.06,46.56,12864696,4677210,130.258,119.935,11,4.8,-1.04,71.94,136.903,119.774,100.032,18.30580645
2020-08-18,3,8,2020,18,41500.0,2,41,1482307,1949,461.9000000000001,375.20000000000005,7662,12845,1997,2462,884,3507,213459462.14,18098381.320000008,71460424.25999999,123815862.92000002,288.33834889802023,100.46273358631058,46.3,43.06,46.56,12864696,4677210,130.258,119.935,11,4.8,-1.04,71.94,136.903,119.774,100.032,18.30580645
2020-08-20,3,8,2020,20,50000.0,3,41,1482307,1949,461.9000000000001,375.20000000000005,7662,12845,1997,2462,884,3507,213459462.14,18098381.320000008,71460424.25999999,123815862.92000002,288.33834889802023,100.46273358631058,46.3,43.06,46.56,12864696,4677210,130.258,119.935,11,4.8,-1.04,71.94,136.903,119.774,100.032,18.30580645
2020-08-24,3,8,2020,24,57500.0,3,41,1482307,1949,461.9000000000001,375.20000000000005,7662,12845,1997,2462,884,3507,213459462.14,18098381.320000008,71460424.25999999,123815862.92000002,288.33834889802023,100.46273358631058,46.3,43.06,46.56,12864696,4677210,130.258,119.935,11,4.8,-1.04,71.94,136.903,119.774,100.032,18.30580645
2020-08-26,3,8,2020,26,35000.0,6,41,1482307,1949,461.9000000000001,375.20000000000005,7662,12845,1997,2462,884,3507,213459462.14,18098381.320000008,71460424.25999999,123815862.92000002,288.33834889802023,100.46273358631058,46.3,43.06,46.56,12864696,4677210,130.258,119.935,11,4.8,-1.04,71.94,136.903,119.774,100.032,18.30580645
2020-08-27,3,8,2020,27,25000.0,1,41,1482307,1949,461.9000000000001,375.20000000000005,7662,12845,1997,2462,884,3507,213459462.14,18098381.320000008,71460424.25999999,123815862.92000002,288.33834889802023,100.46273358631058,46.3,43.06,46.56,12864696,4677210,130.258,119.935,11,4.8,-1.04,71.94,136.903,119.774,100.032,18.30580645
2020-08-31,3,8,2020,31,62475.0,32,41,1482307,1949,461.9000000000001,375.20000000000005,7662,12845,1997,2462,884,3507,213459462.14,18098381.320000008,71460424.25999999,123815862.92000002,288.33834889802023,100.46273358631058,46.3,43.06,46.56,12864696,4677210,130.258,119.935,11,4.8,-1.04,71.94,136.903,119.774,100.032,18.30580645
2020-09-01,3,9,2020,1,36250.0,6,41,1526681,1520,461.9000000000001,375.20000000000005,9178,15779,2934,2590,829,4181,394571776.46000004,59132800.64999999,76308282.58999997,259030828.58000004,288.33834889802023,100.46273358631058,46.3,43.05,46.47,12864696,4677210,130.7,108.933,11,4.8,2.18,75.9,130.033,130.433,100.333,19.07333333
2020-09-03,3,9,2020,3,43000.0,4,41,1526681,1520,461.9000000000001,375.20000000000005,9178,15779,2934,2590,829,4181,394571776.46000004,59132800.64999999,76308282.58999997,259030828.58000004,288.33834889802023,100.46273358631058,46.3,43.05,46.47,12864696,4677210,130.7,108.933,11,4.8,2.18,75.9,130.033,130.433,100.333,19.07333333
2020-09-04,3,9,2020,4,45000.0,6,41,1526681,1520,461.9000000000001,375.20000000000005,9178,15779,2934,2590,829,4181,394571776.46000004,59132800.64999999,76308282.58999997,259030828.58000004,288.33834889802023,100.46273358631058,46.3,43.05,46.47,12864696,4677210,130.7,108.933,11,4.8,2.18,75.9,130.033,130.433,100.333,19.07333333
2020-09-07,3,9,2020,7,35000.0,7,41,1526681,1520,461.9000000000001,375.20000000000005,9178,15779,2934,2590,829,4181,394571776.46000004,59132800.64999999,76308282.58999997,259030828.58000004,288.33834889802023,100.46273358631058,46.3,43.05,46.47,12864696,4677210,130.7,108.933,11,4.8,2.18,75.9,130.033,130.433,100.333,19.07333333
2020-09-08,3,9,2020,8,41250.0,2,41,1526681,1520,461.9000000000001,375.20000000000005,9178,15779,2934,2590,829,4181,394571776.46000004,59132800.64999999,76308282.58999997,259030828.58000004,288.33834889802023,100.46273358631058,46.3,43.05,46.47,12864696,4677210,130.7,108.933,11,4.8,2.18,75.9,130.033,130.433,100.333,19.07333333
2020-09-14,3,9,2020,14,62250.0,2,41,1526681,1520,461.9000000000001,375.20000000000005,9178,15779,2934,2590,829,4181,394571776.46000004,59132800.64999999,76308282.58999997,259030828.58000004,288.33834889802023,100.46273358631058,46.3,43.05,46.47,12864696,4677210,130.7,108.933,11,4.8,2.18,75.9,130.033,130.433,100.333,19.07333333
2020-09-15,3,9,2020,15,41500.0,1,41,1526681,1520,461.9000000000001,375.20000000000005,9178,15779,2934,2590,829,4181,394571776.46000004,59132800.64999999,76308282.58999997,259030828.58000004,288.33834889802023,100.46273358631058,46.3,43.05,46.47,12864696,4677210,130.7,108.933,11,4.8,2.18,75.9,130.033,130.433,100.333,19.07333333
2020-09-21,3,9,2020,21,50000.0,3,41,1526681,1520,461.9000000000001,375.20000000000005,9178,15779,2934,2590,829,4181,394571776.46000004,59132800.64999999,76308282.58999997,259030828.58000004,288.33834889802023,100.46273358631058,46.3,43.05,46.47,12864696,4677210,130.7,108.933,11,4.8,2.18,75.9,130.033,130.433,100.333,19.07333333
2020-09-22,3,9,2020,22,40000.0,8,41,1526681,1520,461.9000000000001,375.20000000000005,9178,15779,2934,2590,829,4181,394571776.46000004,59132800.64999999,76308282.58999997,259030828.58000004,288.33834889802023,100.46273358631058,46.3,43.05,46.47,12864696,4677210,130.7,108.933,11,4.8,2.18,75.9,130.033,130.433,100.333,19.07333333
2020-09-24,3,9,2020,24,70000.0,3,41,1526681,1520,461.9000000000001,375.20000000000005,9178,15779,2934,2590,829,4181,394571776.46000004,59132800.64999999,76308282.58999997,259030828.58000004,288.33834889802023,100.46273358631058,46.3,43.05,46.47,12864696,4677210,130.7,108.933,11,4.8,2.18,75.9,130.033,130.433,100.333,19.07333333
2020-09-25,3,9,2020,25,67000.0,51,41,1526681,1520,461.9000000000001,375.20000000000005,9178,15779,2934,2590,829,4181,394571776.46000004,59132800.64999999,76308282.58999997,259030828.58000004,288.33834889802023,100.46273358631058,46.3,43.05,46.47,12864696,4677210,130.7,108.933,11,4.8,2.18,75.9,130.033,130.433,100.333,19.07333333
2020-09-28,3,9,2020,28,67000.0,105,41,1526681,1520,461.9000000000001,375.20000000000005,9178,15779,2934,2590,829,4181,394571776.46000004,59132800.64999999,76308282.58999997,259030828.58000004,288.33834889802023,100.46273358631058,46.3,43.05,46.47,12864696,4677210,130.7,108.933,11,4.8,2.18,75.9,130.033,130.433,100.333,19.07333333
2020-09-29,3,9,2020,29,67000.0,51,41,1526681,1520,461.9000000000001,375.20000000000005,9178,15779,2934,2590,829,4181,394571776.46000004,59132800.64999999,76308282.58999997,259030828.58000004,288.33834889802023,100.46273358631058,46.3,43.05,46.47,12864696,4677210,130.7,108.933,11,4.8,2.18,75.9,130.033,130.433,100.333,19.07333333
2020-09-30,3,9,2020,30,57500.0,3,41,1526681,1520,461.9000000000001,375.20000000000005,9178,15779,2934,2590,829,4181,394571776.46000004,59132800.64999999,76308282.58999997,259030828.58000004,288.33834889802023,100.46273358631058,46.3,43.05,46.47,12864696,4677210,130.7,108.933,11,4.8,2.18,75.9,130.033,130.433,100.333,19.07333333
2020-10-07,4,10,2020,7,70000.0,3,7,1697823,1534,761.3000000000002,672.3999999999999,10086,18986,3207,3128,1011,4414,268490103.51,71254855.06,58781303.870000005,136622794.89,265.5825599641336,101.04179169070976,46.21,43,46.01,11847638,4669478,166.645,101.806,22,15.1,3.1,74.9,130.581,133.774,84.097,18.48612903
2020-10-08,4,10,2020,8,30000.0,2,7,1697823,1534,761.3000000000002,672.3999999999999,10086,18986,3207,3128,1011,4414,268490103.51,71254855.06,58781303.870000005,136622794.89,265.5825599641336,101.04179169070976,46.21,43,46.01,11847638,4669478,166.645,101.806,22,15.1,3.1,74.9,130.581,133.774,84.097,18.48612903
2020-10-09,4,10,2020,9,50000.0,1,7,1697823,1534,761.3000000000002,672.3999999999999,10086,18986,3207,3128,1011,4414,268490103.51,71254855.06,58781303.870000005,136622794.89,265.5825599641336,101.04179169070976,46.21,43,46.01,11847638,4669478,166.645,101.806,22,15.1,3.1,74.9,130.581,133.774,84.097,18.48612903
2020-10-12,4,10,2020,12,30000.0,1,7,1697823,1534,761.3000000000002,672.3999999999999,10086,18986,3207,3128,1011,4414,268490103.51,71254855.06,58781303.870000005,136622794.89,265.5825599641336,101.04179169070976,46.21,43,46.01,11847638,4669478,166.645,101.806,22,15.1,3.1,74.9,130.581,133.774,84.097,18.48612903
2020-10-13,4,10,2020,13,48750.0,12,7,1697823,1534,761.3000000000002,672.3999999999999,10086,18986,3207,3128,1011,4414,268490103.51,71254855.06,58781303.870000005,136622794.89,265.5825599641336,101.04179169070976,46.21,43,46.01,11847638,4669478,166.645,101.806,22,15.1,3.1,74.9,130.581,133.774,84.097,18.48612903
2020-10-14,4,10,2020,14,25000.0,1,7,1697823,1534,761.3000000000002,672.3999999999999,10086,18986,3207,3128,1011,4414,268490103.51,71254855.06,58781303.870000005,136622794.89,265.5825599641336,101.04179169070976,46.21,43,46.01,11847638,4669478,166.645,101.806,22,15.1,3.1,74.9,130.581,133.774,84.097,18.48612903
2020-10-19,4,10,2020,19,60000.0,1,7,1697823,1534,761.3000000000002,672.3999999999999,10086,18986,3207,3128,1011,4414,268490103.51,71254855.06,58781303.870000005,136622794.89,265.5825599641336,101.04179169070976,46.21,43,46.01,11847638,4669478,166.645,101.806,22,15.1,3.1,74.9,130.581,133.774,84.097,18.48612903
2020-10-20,4,10,2020,20,43000.0,2,7,1697823,1534,761.3000000000002,672.3999999999999,10086,18986,3207,3128,1011,4414,268490103.51,71254855.06,58781303.870000005,136622794.89,265.5825599641336,101.04179169070976,46.21,43,46.01,11847638,4669478,166.645,101.806,22,15.1,3.1,74.9,130.581,133.774,84.097,18.48612903
2020-10-22,4,10,2020,22,75000.0,3,7,1697823,1534,761.3000000000002,672.3999999999999,10086,18986,3207,3128,1011,4414,268490103.51,71254855.06,58781303.870000005,136622794.89,265.5825599641336,101.04179169070976,46.21,43,46.01,11847638,4669478,166.645,101.806,22,15.1,3.1,74.9,130.581,133.774,84.097,18.48612903
2020-10-23,4,10,2020,23,40000.0,1,7,1697823,1534,761.3000000000002,672.3999999999999,10086,18986,3207,3128,1011,4414,268490103.51,71254855.06,58781303.870000005,136622794.89,265.5825599641336,101.04179169070976,46.21,43,46.01,11847638,4669478,166.645,101.806,22,15.1,3.1,74.9,130.581,133.774,84.097,18.48612903
2020-10-26,4,10,2020,26,26868.5,2,7,1697823,1534,761.3000000000002,672.3999999999999,10086,18986,3207,3128,1011,4414,268490103.51,71254855.06,58781303.870000005,136622794.89,265.5825599641336,101.04179169070976,46.21,43,46.01,11847638,4669478,166.645,101.806,22,15.1,3.1,74.9,130.581,133.774,84.097,18.48612903
2020-10-27,4,10,2020,27,45000.0,73,7,1697823,1534,761.3000000000002,672.3999999999999,10086,18986,3207,3128,1011,4414,268490103.51,71254855.06,58781303.870000005,136622794.89,265.5825599641336,101.04179169070976,46.21,43,46.01,11847638,4669478,166.645,101.806,22,15.1,3.1,74.9,130.581,133.774,84.097,18.48612903
2020-10-28,4,10,2020,28,45000.0,54,7,1697823,1534,761.3000000000002,672.3999999999999,10086,18986,3207,3128,1011,4414,268490103.51,71254855.06,58781303.870000005,136622794.89,265.5825599641336,101.04179169070976,46.21,43,46.01,11847638,4669478,166.645,101.806,22,15.1,3.1,74.9,130.581,133.774,84.097,18.48612903
2020-10-29,4,10,2020,29,25000.0,1,7,1697823,1534,761.3000000000002,672.3999999999999,10086,18986,3207,3128,1011,4414,268490103.51,71254855.06,58781303.870000005,136622794.89,265.5825599641336,101.04179169070976,46.21,43,46.01,11847638,4669478,166.645,101.806,22,15.1,3.1,74.9,130.581,133.774,84.097,18.48612903
2020-10-30,4,10,2020,30,35000.0,7,7,1697823,1534,761.3000000000002,672.3999999999999,10086,18986,3207,3128,1011,4414,268490103.51,71254855.06,58781303.870000005,136622794.89,265.5825599641336,101.04179169070976,46.21,43,46.01,11847638,4669478,166.645,101.806,22,15.1,3.1,74.9,130.581,133.774,84.097,18.48612903
2020-10-31,4,10,2020,31,50000.0,2,7,1697823,1534,761.3000000000002,672.3999999999999,10086,18986,3207,3128,1011,4414,268490103.51,71254855.06,58781303.870000005,136622794.89,265.5825599641336,101.04179169070976,46.21,43,46.01,11847638,4669478,166.645,101.806,22,15.1,3.1,74.9,130.581,133.774,84.097,18.48612903
2020-11-02,4,11,2020,2,50000.0,1,7,1731663,1930,761.3000000000002,672.3999999999999,8582,21927,2941,2260,724,3852,321246547.93000007,68537638.22999999,80599129.84000003,163202902.11,265.5825599641336,101.04179169070976,46.2,42.97,46.05,11847638,4669478,148.8,98.2,22,15.1,3.3,67.07,146.233,130.267,65.567,20.91333333
2020-11-06,4,11,2020,6,57500.0,1,7,1731663,1930,761.3000000000002,672.3999999999999,8582,21927,2941,2260,724,3852,321246547.93000007,68537638.22999999,80599129.84000003,163202902.11,265.5825599641336,101.04179169070976,46.2,42.97,46.05,11847638,4669478,148.8,98.2,22,15.1,3.3,67.07,146.233,130.267,65.567,20.91333333
2020-11-11,4,11,2020,11,22500.0,3,7,1731663,1930,761.3000000000002,672.3999999999999,8582,21927,2941,2260,724,3852,321246547.93000007,68537638.22999999,80599129.84000003,163202902.11,265.5825599641336,101.04179169070976,46.2,42.97,46.05,11847638,4669478,148.8,98.2,22,15.1,3.3,67.07,146.233,130.267,65.567,20.91333333
2020-11-12,4,11,2020,12,57500.0,1,7,1731663,1930,761.3000000000002,672.3999999999999,8582,21927,2941,2260,724,3852,321246547.93000007,68537638.22999999,80599129.84000003,163202902.11,265.5825599641336,101.04179169070976,46.2,42.97,46.05,11847638,4669478,148.8,98.2,22,15.1,3.3,67.07,146.233,130.267,65.567,20.91333333
2020-11-13,4,11,2020,13,55000.0,3,7,1731663,1930,761.3000000000002,672.3999999999999,8582,21927,2941,2260,724,3852,321246547.93000007,68537638.22999999,80599129.84000003,163202902.11,265.5825599641336,101.04179169070976,46.2,42.97,46.05,11847638,4669478,148.8,98.2,22,15.1,3.3,67.07,146.233,130.267,65.567,20.91333333
2020-11-15,4,11,2020,15,77500.0,11,7,1731663,1930,761.3000000000002,672.3999999999999,8582,21927,2941,2260,724,3852,321246547.93000007,68537638.22999999,80599129.84000003,163202902.11,265.5825599641336,101.04179169070976,46.2,42.97,46.05,11847638,4669478,148.8,98.2,22,15.1,3.3,67.07,146.233,130.267,65.567,20.91333333
2020-11-18,4,11,2020,18,60000.0,1,7,1731663,1930,761.3000000000002,672.3999999999999,8582,21927,2941,2260,724,3852,321246547.93000007,68537638.22999999,80599129.84000003,163202902.11,265.5825599641336,101.04179169070976,46.2,42.97,46.05,11847638,4669478,148.8,98.2,22,15.1,3.3,67.07,146.233,130.267,65.567,20.91333333
2020-11-23,4,11,2020,23,40000.0,14,7,1731663,1930,761.3000000000002,672.3999999999999,8582,21927,2941,2260,724,3852,321246547.93000007,68537638.22999999,80599129.84000003,163202902.11,265.5825599641336,101.04179169070976,46.2,42.97,46.05,11847638,4669478,148.8,98.2,22,15.1,3.3,67.07,146.233,130.267,65.567,20.91333333
2020-11-24,4,11,2020,24,40000.0,1,7,1731663,1930,761.3000000000002,672.3999999999999,8582,21927,2941,2260,724,3852,321246547.93000007,68537638.22999999,80599129.84000003,163202902.11,265.5825599641336,101.04179169070976,46.2,42.97,46.05,11847638,4669478,148.8,98.2,22,15.1,3.3,67.07,146.233,130.267,65.567,20.91333333
2020-11-26,4,11,2020,26,45000.0,52,7,1731663,1930,761.3000000000002,672.3999999999999,8582,21927,2941,2260,724,3852,321246547.93000007,68537638.22999999,80599129.84000003,163202902.11,265.5825599641336,101.04179169070976,46.2,42.97,46.05,11847638,4669478,148.8,98.2,22,15.1,3.3,67.07,146.233,130.267,65.567,20.91333333
2020-11-27,4,11,2020,27,45000.0,52,7,1731663,1930,761.3000000000002,672.3999999999999,8582,21927,2941,2260,724,3852,321246547.93000007,68537638.22999999,80599129.84000003,163202902.11,265.5825599641336,101.04179169070976,46.2,42.97,46.05,11847638,4669478,148.8,98.2,22,15.1,3.3,67.07,146.233,130.267,65.567,20.91333333
2020-11-28,4,11,2020,28,60000.0,3,7,1731663,1930,761.3000000000002,672.3999999999999,8582,21927,2941,2260,724,3852,321246547.93000007,68537638.22999999,80599129.84000003,163202902.11,265.5825599641336,101.04179169070976,46.2,42.97,46.05,11847638,4669478,148.8,98.2,22,15.1,3.3,67.07,146.233,130.267,65.567,20.91333333
2020-11-30,4,11,2020,30,25000.0,59,7,1731663,1930,761.3000000000002,672.3999999999999,8582,21927,2941,2260,724,3852,321246547.93000007,68537638.22999999,80599129.84000003,163202902.11,265.5825599641336,101.04179169070976,46.2,42.97,46.05,11847638,4669478,148.8,98.2,22,15.1,3.3,67.07,146.233,130.267,65.567,20.91333333
2020-12-02,4,12,2020,2,50000.0,1,7,1897063,2180,761.3000000000002,672.3999999999999,9976,25731,3804,2573,825,4334,1482850698.13,162117356.07999998,322989214.1999999,622977268.73,265.5825599641336,101.04179169070976,46.25,43.03,46.58,11847638,4669478,124.3,107.2,22,15.1,5,70.97,183.367,129.1,69.433,18.56645161
2020-12-03,4,12,2020,3,35000.0,3,7,1897063,2180,761.3000000000002,672.3999999999999,9976,25731,3804,2573,825,4334,1482850698.13,162117356.07999998,322989214.1999999,622977268.73,265.5825599641336,101.04179169070976,46.25,43.03,46.58,11847638,4669478,124.3,107.2,22,15.1,5,70.97,183.367,129.1,69.433,18.56645161
2020-12-04,4,12,2020,4,45000.0,2,7,1897063,2180,761.3000000000002,672.3999999999999,9976,25731,3804,2573,825,4334,1482850698.13,162117356.07999998,322989214.1999999,622977268.73,265.5825599641336,101.04179169070976,46.25,43.03,46.58,11847638,4669478,124.3,107.2,22,15.1,5,70.97,183.367,129.1,69.433,18.56645161
2020-12-09,4,12,2020,9,30000.0,4,7,1897063,2180,761.3000000000002,672.3999999999999,9976,25731,3804,2573,825,4334,1482850698.13,162117356.07999998,322989214.1999999,622977268.73,265.5825599641336,101.04179169070976,46.25,43.03,46.58,11847638,4669478,124.3,107.2,22,15.1,5,70.97,183.367,129.1,69.433,18.56645161
2020-12-16,4,12,2020,16,50000.0,1,7,1897063,2180,761.3000000000002,672.3999999999999,9976,25731,3804,2573,825,4334,1482850698.13,162117356.07999998,322989214.1999999,622977268.73,265.5825599641336,101.04179169070976,46.25,43.03,46.58,11847638,4669478,124.3,107.2,22,15.1,5,70.97,183.367,129.1,69.433,18.56645161
2020-12-17,4,12,2020,17,60000.0,2,7,1897063,2180,761.3000000000002,672.3999999999999,9976,25731,3804,2573,825,4334,1482850698.13,162117356.07999998,322989214.1999999,622977268.73,265.5825599641336,101.04179169070976,46.25,43.03,46.58,11847638,4669478,124.3,107.2,22,15.1,5,70.97,183.367,129.1,69.433,18.56645161
2020-12-23,4,12,2020,23,47500.0,3,7,1897063,2180,761.3000000000002,672.3999999999999,9976,25731,3804,2573,825,4334,1482850698.13,162117356.07999998,322989214.1999999,622977268.73,265.5825599641336,101.04179169070976,46.25,43.03,46.58,11847638,4669478,124.3,107.2,22,15.1,5,70.97,183.367,129.1,69.433,18.56645161
2020-12-28,4,12,2020,28,30000.0,3,7,1897063,2180,761.3000000000002,672.3999999999999,9976,25731,3804,2573,825,4334,1482850698.13,162117356.07999998,322989214.1999999,622977268.73,265.5825599641336,101.04179169070976,46.25,43.03,46.58,11847638,4669478,124.3,107.2,22,15.1,5,70.97,183.367,129.1,69.433,18.56645161
2020-12-30,4,12,2020,30,31050.0,1,7,1897063,2180,761.3000000000002,672.3999999999999,9976,25731,3804,2573,825,4334,1482850698.13,162117356.07999998,322989214.1999999,622977268.73,265.5825599641336,101.04179169070976,46.25,43.03,46.58,11847638,4669478,124.3,107.2,22,15.1,5,70.97,183.367,129.1,69.433,18.56645161
2020-12-31,4,12,2020,31,35000.0,1,7,1897063,2180,761.3000000000002,672.3999999999999,9976,25731,3804,2573,825,4334,1482850698.13,162117356.07999998,322989214.1999999,622977268.73,265.5825599641336,101.04179169070976,46.25,43.03,46.58,11847638,4669478,124.3,107.2,22,15.1,5,70.97,183.367,129.1,69.433,18.56645161
2021-01-02,1,1,2021,2,56000.0,1,32.6,1783280,2420,519.2,443.3,4295,28338,2607,1349,382,1776,14278323.77,3823457.44,227969.6,10194916.73,226.86700087183954,88.56342772403077,46.81,43.75,46.84,10408658,4180489,101.194,100.806,13.1,3.3,3.32,58.55,141.903,115.645,74.806,19.31
2021-01-04,1,1,2021,4,67500.0,1,32.6,1783280,2420,519.2,443.3,4295,28338,2607,1349,382,1776,14278323.77,3823457.44,227969.6,10194916.73,226.86700087183954,88.56342772403077,46.81,43.75,46.84,10408658,4180489,101.194,100.806,13.1,3.3,3.32,58.55,141.903,115.645,74.806,19.31
2021-01-08,1,1,2021,8,55000.0,1,32.6,1783280,2420,519.2,443.3,4295,28338,2607,1349,382,1776,14278323.77,3823457.44,227969.6,10194916.73,226.86700087183954,88.56342772403077,46.81,43.75,46.84,10408658,4180489,101.194,100.806,13.1,3.3,3.32,58.55,141.903,115.645,74.806,19.31
2021-01-11,1,1,2021,11,45000.0,2,32.6,1783280,2420,519.2,443.3,4295,28338,2607,1349,382,1776,14278323.77,3823457.44,227969.6,10194916.73,226.86700087183954,88.56342772403077,46.81,43.75,46.84,10408658,4180489,101.194,100.806,13.1,3.3,3.32,58.55,141.903,115.645,74.806,19.31
2021-01-12,1,1,2021,12,40000.0,1,32.6,1783280,2420,519.2,443.3,4295,28338,2607,1349,382,1776,14278323.77,3823457.44,227969.6,10194916.73,226.86700087183954,88.56342772403077,46.81,43.75,46.84,10408658,4180489,101.194,100.806,13.1,3.3,3.32,58.55,141.903,115.645,74.806,19.31
2021-01-13,1,1,2021,13,51000.0,4,32.6,1783280,2420,519.2,443.3,4295,28338,2607,1349,382,1776,14278323.77,3823457.44,227969.6,10194916.73,226.86700087183954,88.56342772403077,46.81,43.75,46.84,10408658,4180489,101.194,100.806,13.1,3.3,3.32,58.55,141.903,115.645,74.806,19.31
2021-01-14,1,1,2021,14,50000.0,3,32.6,1783280,2420,519.2,443.3,4295,28338,2607,1349,382,1776,14278323.77,3823457.44,227969.6,10194916.73,226.86700087183954,88.56342772403077,46.81,43.75,46.84,10408658,4180489,101.194,100.806,13.1,3.3,3.32,58.55,141.903,115.645,74.806,19.31
2021-01-18,1,1,2021,18,45000.0,1,32.6,1783280,2420,519.2,443.3,4295,28338,2607,1349,382,1776,14278323.77,3823457.44,227969.6,10194916.73,226.86700087183954,88.56342772403077,46.81,43.75,46.84,10408658,4180489,101.194,100.806,13.1,3.3,3.32,58.55,141.903,115.645,74.806,19.31
2021-01-20,1,1,2021,20,40000.0,1,32.6,1783280,2420,519.2,443.3,4295,28338,2607,1349,382,1776,14278323.77,3823457.44,227969.6,10194916.73,226.86700087183954,88.56342772403077,46.81,43.75,46.84,10408658,4180489,101.194,100.806,13.1,3.3,3.32,58.55,141.903,115.645,74.806,19.31
2021-01-22,1,1,2021,22,53000.0,2,32.6,1783280,2420,519.2,443.3,4295,28338,2607,1349,382,1776,14278323.77,3823457.44,227969.6,10194916.73,226.86700087183954,88.56342772403077,46.81,43.75,46.84,10408658,4180489,101.194,100.806,13.1,3.3,3.32,58.55,141.903,115.645,74.806,19.31
2021-01-25,1,1,2021,25,60000.0,4,32.6,1783280,2420,519.2,443.3,4295,28338,2607,1349,382,1776,14278323.77,3823457.44,227969.6,10194916.73,226.86700087183954,88.56342772403077,46.81,43.75,46.84,10408658,4180489,101.194,100.806,13.1,3.3,3.32,58.55,141.903,115.645,74.806,19.31
2021-01-26,1,1,2021,26,32500.0,2,32.6,1783280,2420,519.2,443.3,4295,28338,2607,1349,382,1776,14278323.77,3823457.44,227969.6,10194916.73,226.86700087183954,88.56342772403077,46.81,43.75,46.84,10408658,4180489,101.194,100.806,13.1,3.3,3.32,58.55,141.903,115.645,74.806,19.31
2021-01-27,1,1,2021,27,40000.0,1,32.6,1783280,2420,519.2,443.3,4295,28338,2607,1349,382,1776,14278323.77,3823457.44,227969.6,10194916.73,226.86700087183954,88.56342772403077,46.81,43.75,46.84,10408658,4180489,101.194,100.806,13.1,3.3,3.32,58.55,141.903,115.645,74.806,19.31
2021-01-28,1,1,2021,28,37500.0,4,32.6,1783280,2420,519.2,443.3,4295,28338,2607,1349,382,1776,14278323.77,3823457.44,227969.6,10194916.73,226.86700087183954,88.56342772403077,46.81,43.75,46.84,10408658,4180489,101.194,100.806,13.1,3.3,3.32,58.55,141.903,115.645,74.806,19.31
2021-02-01,1,2,2021,1,50000.0,1,32.6,1744716,2327,519.2,443.3,7113,29802,1464,2105,577,2962,222009788.19,8048044.380000001,12380486.84,51597317.480000004,226.86700087183954,88.56342772403077,47.47,44.46,47.33,10408658,4180489,134.571,105.607,13.1,3.3,5.53,66.61,140.429,134.857,83.5,21.51142857
2021-02-03,1,2,2021,3,60000.0,1,32.6,1744716,2327,519.2,443.3,7113,29802,1464,2105,577,2962,222009788.19,8048044.380000001,12380486.84,51597317.480000004,226.86700087183954,88.56342772403077,47.47,44.46,47.33,10408658,4180489,134.571,105.607,13.1,3.3,5.53,66.61,140.429,134.857,83.5,21.51142857
2021-02-05,1,2,2021,5,35000.0,4,32.6,1744716,2327,519.2,443.3,7113,29802,1464,2105,577,2962,222009788.19,8048044.380000001,12380486.84,51597317.480000004,226.86700087183954,88.56342772403077,47.47,44.46,47.33,10408658,4180489,134.571,105.607,13.1,3.3,5.53,66.61,140.429,134.857,83.5,21.51142857
2021-02-07,1,2,2021,7,30000.0,1,32.6,1744716,2327,519.2,443.3,7113,29802,1464,2105,577,2962,222009788.19,8048044.380000001,12380486.84,51597317.480000004,226.86700087183954,88.56342772403077,47.47,44.46,47.33,10408658,4180489,134.571,105.607,13.1,3.3,5.53,66.61,140.429,134.857,83.5,21.51142857
2021-02-09,1,2,2021,9,30000.0,5,32.6,1744716,2327,519.2,443.3,7113,29802,1464,2105,577,2962,222009788.19,8048044.380000001,12380486.84,51597317.480000004,226.86700087183954,88.56342772403077,47.47,44.46,47.33,10408658,4180489,134.571,105.607,13.1,3.3,5.53,66.61,140.429,134.857,83.5,21.51142857
2021-02-10,1,2,2021,10,40000.0,8,32.6,1744716,2327,519.2,443.3,7113,29802,1464,2105,577,2962,222009788.19,8048044.380000001,12380486.84,51597317.480000004,226.86700087183954,88.56342772403077,47.47,44.46,47.33,10408658,4180489,134.571,105.607,13.1,3.3,5.53,66.61,140.429,134.857,83.5,21.51142857
2021-02-11,1,2,2021,11,50000.0,1,32.6,1744716,2327,519.2,443.3,7113,29802,1464,2105,577,2962,222009788.19,8048044.380000001,12380486.84,51597317.480000004,226.86700087183954,88.56342772403077,47.47,44.46,47.33,10408658,4180489,134.571,105.607,13.1,3.3,5.53,66.61,140.429,134.857,83.5,21.51142857
2021-02-12,1,2,2021,12,42500.0,1,32.6,1744716,2327,519.2,443.3,7113,29802,1464,2105,577,2962,222009788.19,8048044.380000001,12380486.84,51597317.480000004,226.86700087183954,88.56342772403077,47.47,44.46,47.33,10408658,4180489,134.571,105.607,13.1,3.3,5.53,66.61,140.429,134.857,83.5,21.51142857
2021-02-15,1,2,2021,15,60000.0,1,32.6,1744716,2327,519.2,443.3,7113,29802,1464,2105,577,2962,222009788.19,8048044.380000001,12380486.84,51597317.480000004,226.86700087183954,88.56342772403077,47.47,44.46,47.33,10408658,4180489,134.571,105.607,13.1,3.3,5.53,66.61,140.429,134.857,83.5,21.51142857
2021-02-16,1,2,2021,16,55000.0,2,32.6,1744716,2327,519.2,443.3,7113,29802,1464,2105,577,2962,222009788.19,8048044.380000001,12380486.84,51597317.480000004,226.86700087183954,88.56342772403077,47.47,44.46,47.33,10408658,4180489,134.571,105.607,13.1,3.3,5.53,66.61,140.429,134.857,83.5,21.51142857
2021-02-18,1,2,2021,18,37500.0,5,32.6,1744716,2327,519.2,443.3,7113,29802,1464,2105,577,2962,222009788.19,8048044.380000001,12380486.84,51597317.480000004,226.86700087183954,88.56342772403077,47.47,44.46,47.33,10408658,4180489,134.571,105.607,13.1,3.3,5.53,66.61,140.429,134.857,83.5,21.51142857
2021-02-24,1,2,2021,24,35500.0,9,32.6,1744716,2327,519.2,443.3,7113,29802,1464,2105,577,2962,222009788.19,8048044.380000001,12380486.84,51597317.480000004,226.86700087183954,88.56342772403077,47.47,44.46,47.33,10408658,4180489,134.571,105.607,13.1,3.3,5.53,66.61,140.429,134.857,83.5,21.51142857
2021-02-25,1,2,2021,25,35000.0,2,32.6,1744716,2327,519.2,443.3,7113,29802,1464,2105,577,2962,222009788.19,8048044.380000001,12380486.84,51597317.480000004,226.86700087183954,88.56342772403077,47.47,44.46,47.33,10408658,4180489,134.571,105.607,13.1,3.3,5.53,66.61,140.429,134.857,83.5,21.51142857
2021-02-26,1,2,2021,26,30000.0,6,32.6,1744716,2327,519.2,443.3,7113,29802,1464,2105,577,2962,222009788.19,8048044.380000001,12380486.84,51597317.480000004,226.86700087183954,88.56342772403077,47.47,44.46,47.33,10408658,4180489,134.571,105.607,13.1,3.3,5.53,66.61,140.429,134.857,83.5,21.51142857
2021-03-01,1,3,2021,1,40000.0,3,32.6,1820167,2259,519.2,443.3,8314,33514,3712,2253,647,3502,89590479.48999998,14470768.239999998,15901649.200000001,59011382.63,226.86700087183954,88.56342772403077,47.83,44.96,47.44,10408658,4180489,156.323,100.355,13.1,3.3,6.58,71.45,143.194,137.548,94.258,19.13241935
2021-03-04,1,3,2021,4,38500.0,1,32.6,1820167,2259,519.2,443.3,8314,33514,3712,2253,647,3502,89590479.48999998,14470768.239999998,15901649.200000001,59011382.63,226.86700087183954,88.56342772403077,47.83,44.96,47.44,10408658,4180489,156.323,100.355,13.1,3.3,6.58,71.45,143.194,137.548,94.258,19.13241935
2021-03-05,1,3,2021,5,47500.0,4,32.6,1820167,2259,519.2,443.3,8314,33514,3712,2253,647,3502,89590479.48999998,14470768.239999998,15901649.200000001,59011382.63,226.86700087183954,88.56342772403077,47.83,44.96,47.44,10408658,4180489,156.323,100.355,13.1,3.3,6.58,71.45,143.194,137.548,94.258,19.13241935
2021-03-10,1,3,2021,10,55000.0,2,32.6,1820167,2259,519.2,443.3,8314,33514,3712,2253,647,3502,89590479.48999998,14470768.239999998,15901649.200000001,59011382.63,226.86700087183954,88.56342772403077,47.83,44.96,47.44,10408658,4180489,156.323,100.355,13.1,3.3,6.58,71.45,143.194,137.548,94.258,19.13241935
2021-03-12,1,3,2021,12,15000.0,1,32.6,1820167,2259,519.2,443.3,8314,33514,3712,2253,647,3502,89590479.48999998,14470768.239999998,15901649.200000001,59011382.63,226.86700087183954,88.56342772403077,47.83,44.96,47.44,10408658,4180489,156.323,100.355,13.1,3.3,6.58,71.45,143.194,137.548,94.258,19.13241935
2021-03-13,1,3,2021,13,15000.0,1,32.6,1820167,2259,519.2,443.3,8314,33514,3712,2253,647,3502,89590479.48999998,14470768.239999998,15901649.200000001,59011382.63,226.86700087183954,88.56342772403077,47.83,44.96,47.44,10408658,4180489,156.323,100.355,13.1,3.3,6.58,71.45,143.194,137.548,94.258,19.13241935
2021-03-16,1,3,2021,16,60000.0,1,32.6,1820167,2259,519.2,443.3,8314,33514,3712,2253,647,3502,89590479.48999998,14470768.239999998,15901649.200000001,59011382.63,226.86700087183954,88.56342772403077,47.83,44.96,47.44,10408658,4180489,156.323,100.355,13.1,3.3,6.58,71.45,143.194,137.548,94.258,19.13241935
2021-03-17,1,3,2021,17,42500.0,1,32.6,1820167,2259,519.2,443.3,8314,33514,3712,2253,647,3502,89590479.48999998,14470768.239999998,15901649.200000001,59011382.63,226.86700087183954,88.56342772403077,47.83,44.96,47.44,10408658,4180489,156.323,100.355,13.1,3.3,6.58,71.45,143.194,137.548,94.258,19.13241935
2021-03-18,1,3,2021,18,36400.0,1,32.6,1820167,2259,519.2,443.3,8314,33514,3712,2253,647,3502,89590479.48999998,14470768.239999998,15901649.200000001,59011382.63,226.86700087183954,88.56342772403077,47.83,44.96,47.44,10408658,4180489,156.323,100.355,13.1,3.3,6.58,71.45,143.194,137.548,94.258,19.13241935
2021-03-19,1,3,2021,19,50000.0,1,32.6,1820167,2259,519.2,443.3,8314,33514,3712,2253,647,3502,89590479.48999998,14470768.239999998,15901649.200000001,59011382.63,226.86700087183954,88.56342772403077,47.83,44.96,47.44,10408658,4180489,156.323,100.355,13.1,3.3,6.58,71.45,143.194,137.548,94.258,19.13241935
2021-03-22,1,3,2021,22,44000.0,1,32.6,1820167,2259,519.2,443.3,8314,33514,3712,2253,647,3502,89590479.48999998,14470768.239999998,15901649.200000001,59011382.63,226.86700087183954,88.56342772403077,47.83,44.96,47.44,10408658,4180489,156.323,100.355,13.1,3.3,6.58,71.45,143.194,137.548,94.258,19.13241935
2021-03-23,1,3,2021,23,45000.0,3,32.6,1820167,2259,519.2,443.3,8314,33514,3712,2253,647,3502,89590479.48999998,14470768.239999998,15901649.200000001,59011382.63,226.86700087183954,88.56342772403077,47.83,44.96,47.44,10408658,4180489,156.323,100.355,13.1,3.3,6.58,71.45,143.194,137.548,94.258,19.13241935
2021-03-24,1,3,2021,24,70000.0,2,32.6,1820167,2259,519.2,443.3,8314,33514,3712,2253,647,3502,89590479.48999998,14470768.239999998,15901649.200000001,59011382.63,226.86700087183954,88.56342772403077,47.83,44.96,47.44,10408658,4180489,156.323,100.355,13.1,3.3,6.58,71.45,143.194,137.548,94.258,19.13241935
2021-03-25,1,3,2021,25,32500.0,2,32.6,1820167,2259,519.2,443.3,8314,33514,3712,2253,647,3502,89590479.48999998,14470768.239999998,15901649.200000001,59011382.63,226.86700087183954,88.56342772403077,47.83,44.96,47.44,10408658,4180489,156.323,100.355,13.1,3.3,6.58,71.45,143.194,137.548,94.258,19.13241935
2021-03-26,1,3,2021,26,50000.0,7,32.6,1820167,2259,519.2,443.3,8314,33514,3712,2253,647,3502,89590479.48999998,14470768.239999998,15901649.200000001,59011382.63,226.86700087183954,88.56342772403077,47.83,44.96,47.44,10408658,4180489,156.323,100.355,13.1,3.3,6.58,71.45,143.194,137.548,94.258,19.13241935
2021-03-28,1,3,2021,28,40000.0,3,32.6,1820167,2259,519.2,443.3,8314,33514,3712,2253,647,3502,89590479.48999998,14470768.239999998,15901649.200000001,59011382.63,226.86700087183954,88.56342772403077,47.83,44.96,47.44,10408658,4180489,156.323,100.355,13.1,3.3,6.58,71.45,143.194,137.548,94.258,19.13241935
2021-03-29,1,3,2021,29,27500.0,14,32.6,1820167,2259,519.2,443.3,8314,33514,3712,2253,647,3502,89590479.48999998,14470768.239999998,15901649.200000001,59011382.63,226.86700087183954,88.56342772403077,47.83,44.96,47.44,10408658,4180489,156.323,100.355,13.1,3.3,6.58,71.45,143.194,137.548,94.258,19.13241935
2021-03-30,1,3,2021,30,45000.0,2,32.6,1820167,2259,519.2,443.3,8314,33514,3712,2253,647,3502,89590479.48999998,14470768.239999998,15901649.200000001,59011382.63,226.86700087183954,88.56342772403077,47.83,44.96,47.44,10408658,4180489,156.323,100.355,13.1,3.3,6.58,71.45,143.194,137.548,94.258,19.13241935
2021-03-31,1,3,2021,31,80000.0,3,32.6,1820167,2259,519.2,443.3,8314,33514,3712,2253,647,3502,89590479.48999998,14470768.239999998,15901649.200000001,59011382.63,226.86700087183954,88.56342772403077,47.83,44.96,47.44,10408658,4180489,156.323,100.355,13.1,3.3,6.58,71.45,143.194,137.548,94.258,19.13241935
2021-04-01,2,4,2021,1,45000.0,1,58.9,1624400,2273,571.8,456.2,9169,36450,2936,2596,710,3775,110531513.42000002,19563375.860000003,12761505.14,76510589.87,279.0894317048853,90.77765749406342,48.09,45.32,47.68,13063246,4332515,217.667,104.067,46.8,4.6,8.03,74.73,146.167,141.167,93.267,18.99733333
2021-04-06,2,4,2021,6,37000.0,1,58.9,1624400,2273,571.8,456.2,9169,36450,2936,2596,710,3775,110531513.42000002,19563375.860000003,12761505.14,76510589.87,279.0894317048853,90.77765749406342,48.09,45.32,47.68,13063246,4332515,217.667,104.067,46.8,4.6,8.03,74.73,146.167,141.167,93.267,18.99733333
2021-04-07,2,4,2021,7,35000.0,3,58.9,1624400,2273,571.8,456.2,9169,36450,2936,2596,710,3775,110531513.42000002,19563375.860000003,12761505.14,76510589.87,279.0894317048853,90.77765749406342,48.09,45.32,47.68,13063246,4332515,217.667,104.067,46.8,4.6,8.03,74.73,146.167,141.167,93.267,18.99733333
2021-04-08,2,4,2021,8,50000.0,1,58.9,1624400,2273,571.8,456.2,9169,36450,2936,2596,710,3775,110531513.42000002,19563375.860000003,12761505.14,76510589.87,279.0894317048853,90.77765749406342,48.09,45.32,47.68,13063246,4332515,217.667,104.067,46.8,4.6,8.03,74.73,146.167,141.167,93.267,18.99733333
2021-04-14,2,4,2021,14,40000.0,1,58.9,1624400,2273,571.8,456.2,9169,36450,2936,2596,710,3775,110531513.42000002,19563375.860000003,12761505.14,76510589.87,279.0894317048853,90.77765749406342,48.09,45.32,47.68,13063246,4332515,217.667,104.067,46.8,4.6,8.03,74.73,146.167,141.167,93.267,18.99733333
2021-04-15,2,4,2021,15,34000.0,2,58.9,1624400,2273,571.8,456.2,9169,36450,2936,2596,710,3775,110531513.42000002,19563375.860000003,12761505.14,76510589.87,279.0894317048853,90.77765749406342,48.09,45.32,47.68,13063246,4332515,217.667,104.067,46.8,4.6,8.03,74.73,146.167,141.167,93.267,18.99733333
2021-04-16,2,4,2021,16,32000.0,1,58.9,1624400,2273,571.8,456.2,9169,36450,2936,2596,710,3775,110531513.42000002,19563375.860000003,12761505.14,76510589.87,279.0894317048853,90.77765749406342,48.09,45.32,47.68,13063246,4332515,217.667,104.067,46.8,4.6,8.03,74.73,146.167,141.167,93.267,18.99733333
2021-04-19,2,4,2021,19,37000.0,16,58.9,1624400,2273,571.8,456.2,9169,36450,2936,2596,710,3775,110531513.42000002,19563375.860000003,12761505.14,76510589.87,279.0894317048853,90.77765749406342,48.09,45.32,47.68,13063246,4332515,217.667,104.067,46.8,4.6,8.03,74.73,146.167,141.167,93.267,18.99733333
2021-04-21,2,4,2021,21,37500.0,3,58.9,1624400,2273,571.8,456.2,9169,36450,2936,2596,710,3775,110531513.42000002,19563375.860000003,12761505.14,76510589.87,279.0894317048853,90.77765749406342,48.09,45.32,47.68,13063246,4332515,217.667,104.067,46.8,4.6,8.03,74.73,146.167,141.167,93.267,18.99733333
2021-04-22,2,4,2021,22,37000.0,3,58.9,1624400,2273,571.8,456.2,9169,36450,2936,2596,710,3775,110531513.42000002,19563375.860000003,12761505.14,76510589.87,279.0894317048853,90.77765749406342,48.09,45.32,47.68,13063246,4332515,217.667,104.067,46.8,4.6,8.03,74.73,146.167,141.167,93.267,18.99733333
2021-04-26,2,4,2021,26,65000.0,2,58.9,1624400,2273,571.8,456.2,9169,36450,2936,2596,710,3775,110531513.42000002,19563375.860000003,12761505.14,76510589.87,279.0894317048853,90.77765749406342,48.09,45.32,47.68,13063246,4332515,217.667,104.067,46.8,4.6,8.03,74.73,146.167,141.167,93.267,18.99733333
2021-04-27,2,4,2021,27,40000.0,5,58.9,1624400,2273,571.8,456.2,9169,36450,2936,2596,710,3775,110531513.42000002,19563375.860000003,12761505.14,76510589.87,279.0894317048853,90.77765749406342,48.09,45.32,47.68,13063246,4332515,217.667,104.067,46.8,4.6,8.03,74.73,146.167,141.167,93.267,18.99733333
2021-04-28,2,4,2021,28,33000.0,2,58.9,1624400,2273,571.8,456.2,9169,36450,2936,2596,710,3775,110531513.42000002,19563375.860000003,12761505.14,76510589.87,279.0894317048853,90.77765749406342,48.09,45.32,47.68,13063246,4332515,217.667,104.067,46.8,4.6,8.03,74.73,146.167,141.167,93.267,18.99733333
2021-04-29,2,4,2021,29,45000.0,53,58.9,1624400,2273,571.8,456.2,9169,36450,2936,2596,710,3775,110531513.42000002,19563375.860000003,12761505.14,76510589.87,279.0894317048853,90.77765749406342,48.09,45.32,47.68,13063246,4332515,217.667,104.067,46.8,4.6,8.03,74.73,146.167,141.167,93.267,18.99733333
2021-04-30,2,4,2021,30,37000.0,1,58.9,1624400,2273,571.8,456.2,9169,36450,2936,2596,710,3775,110531513.42000002,19563375.860000003,12761505.14,76510589.87,279.0894317048853,90.77765749406342,48.09,45.32,47.68,13063246,4332515,217.667,104.067,46.8,4.6,8.03,74.73,146.167,141.167,93.267,18.99733333
2021-05-03,2,5,2021,3,35000.0,1,58.9,1528800,2497,571.8,456.2,7564,40828,4378,2401,684,2969,84493735.62,23934524.370000005,33958770.19,26558696.78999999,279.0894317048853,90.77765749406342,48.2,45.32,47.75,13063246,4332515,168.194,108.581,46.8,4.6,6.62,73.42,148.516,132.548,99.032,17.46483871
2021-05-07,2,5,2021,7,55000.0,1,58.9,1528800,2497,571.8,456.2,7564,40828,4378,2401,684,2969,84493735.62,23934524.370000005,33958770.19,26558696.78999999,279.0894317048853,90.77765749406342,48.2,45.32,47.75,13063246,4332515,168.194,108.581,46.8,4.6,6.62,73.42,148.516,132.548,99.032,17.46483871
2021-05-11,2,5,2021,11,35000.0,3,58.9,1528800,2497,571.8,456.2,7564,40828,4378,2401,684,2969,84493735.62,23934524.370000005,33958770.19,26558696.78999999,279.0894317048853,90.77765749406342,48.2,45.32,47.75,13063246,4332515,168.194,108.581,46.8,4.6,6.62,73.42,148.516,132.548,99.032,17.46483871
2021-05-13,2,5,2021,13,30000.0,1,58.9,1528800,2497,571.8,456.2,7564,40828,4378,2401,684,2969,84493735.62,23934524.370000005,33958770.19,26558696.78999999,279.0894317048853,90.77765749406342,48.2,45.32,47.75,13063246,4332515,168.194,108.581,46.8,4.6,6.62,73.42,148.516,132.548,99.032,17.46483871
2021-05-14,2,5,2021,14,30000.0,1,58.9,1528800,2497,571.8,456.2,7564,40828,4378,2401,684,2969,84493735.62,23934524.370000005,33958770.19,26558696.78999999,279.0894317048853,90.77765749406342,48.2,45.32,47.75,13063246,4332515,168.194,108.581,46.8,4.6,6.62,73.42,148.516,132.548,99.032,17.46483871
2021-05-18,2,5,2021,18,46250.0,2,58.9,1528800,2497,571.8,456.2,7564,40828,4378,2401,684,2969,84493735.62,23934524.370000005,33958770.19,26558696.78999999,279.0894317048853,90.77765749406342,48.2,45.32,47.75,13063246,4332515,168.194,108.581,46.8,4.6,6.62,73.42,148.516,132.548,99.032,17.46483871
2021-05-20,2,5,2021,20,37000.0,15,58.9,1528800,2497,571.8,456.2,7564,40828,4378,2401,684,2969,84493735.62,23934524.370000005,33958770.19,26558696.78999999,279.0894317048853,90.77765749406342,48.2,45.32,47.75,13063246,4332515,168.194,108.581,46.8,4.6,6.62,73.42,148.516,132.548,99.032,17.46483871
2021-05-21,2,5,2021,21,50000.0,2,58.9,1528800,2497,571.8,456.2,7564,40828,4378,2401,684,2969,84493735.62,23934524.370000005,33958770.19,26558696.78999999,279.0894317048853,90.77765749406342,48.2,45.32,47.75,13063246,4332515,168.194,108.581,46.8,4.6,6.62,73.42,148.516,132.548,99.032,17.46483871
2021-05-24,2,5,2021,24,55000.0,2,58.9,1528800,2497,571.8,456.2,7564,40828,4378,2401,684,2969,84493735.62,23934524.370000005,33958770.19,26558696.78999999,279.0894317048853,90.77765749406342,48.2,45.32,47.75,13063246,4332515,168.194,108.581,46.8,4.6,6.62,73.42,148.516,132.548,99.032,17.46483871
2021-05-26,2,5,2021,26,41250.0,2,58.9,1528800,2497,571.8,456.2,7564,40828,4378,2401,684,2969,84493735.62,23934524.370000005,33958770.19,26558696.78999999,279.0894317048853,90.77765749406342,48.2,45.32,47.75,13063246,4332515,168.194,108.581,46.8,4.6,6.62,73.42,148.516,132.548,99.032,17.46483871
2021-05-27,2,5,2021,27,30000.0,49,58.9,1528800,2497,571.8,456.2,7564,40828,4378,2401,684,2969,84493735.62,23934524.370000005,33958770.19,26558696.78999999,279.0894317048853,90.77765749406342,48.2,45.32,47.75,13063246,4332515,168.194,108.581,46.8,4.6,6.62,73.42,148.516,132.548,99.032,17.46483871
2021-05-28,2,5,2021,28,30000.0,12,58.9,1528800,2497,571.8,456.2,7564,40828,4378,2401,684,2969,84493735.62,23934524.370000005,33958770.19,26558696.78999999,279.0894317048853,90.77765749406342,48.2,45.32,47.75,13063246,4332515,168.194,108.581,46.8,4.6,6.62,73.42,148.516,132.548,99.032,17.46483871
2021-06-04,2,6,2021,4,40000.0,13,58.9,1478020,3096,571.8,456.2,9339,45379,4551,3630,1032,3523,528993918.20000005,53156590.22999999,115334197.69,360368670.73,279.0894317048853,90.77765749406342,48.6,45.31,47.75,13063246,4332515,177.1,118.167,46.8,4.6,9.08,77.4,158.633,139.6,97.233,17.65533333
2021-06-08,2,6,2021,8,32500.0,2,58.9,1478020,3096,571.8,456.2,9339,45379,4551,3630,1032,3523,528993918.20000005,53156590.22999999,115334197.69,360368670.73,279.0894317048853,90.77765749406342,48.6,45.31,47.75,13063246,4332515,177.1,118.167,46.8,4.6,9.08,77.4,158.633,139.6,97.233,17.65533333
2021-06-11,2,6,2021,11,32000.0,2,58.9,1478020,3096,571.8,456.2,9339,45379,4551,3630,1032,3523,528993918.20000005,53156590.22999999,115334197.69,360368670.73,279.0894317048853,90.77765749406342,48.6,45.31,47.75,13063246,4332515,177.1,118.167,46.8,4.6,9.08,77.4,158.633,139.6,97.233,17.65533333
2021-06-18,2,6,2021,18,35000.0,1,58.9,1478020,3096,571.8,456.2,9339,45379,4551,3630,1032,3523,528993918.20000005,53156590.22999999,115334197.69,360368670.73,279.0894317048853,90.77765749406342,48.6,45.31,47.75,13063246,4332515,177.1,118.167,46.8,4.6,9.08,77.4,158.633,139.6,97.233,17.65533333
2021-06-21,2,6,2021,21,60000.0,1,58.9,1478020,3096,571.8,456.2,9339,45379,4551,3630,1032,3523,528993918.20000005,53156590.22999999,115334197.69,360368670.73,279.0894317048853,90.77765749406342,48.6,45.31,47.75,13063246,4332515,177.1,118.167,46.8,4.6,9.08,77.4,158.633,139.6,97.233,17.65533333
2021-06-28,2,6,2021,28,45000.0,5,58.9,1478020,3096,571.8,456.2,9339,45379,4551,3630,1032,3523,528993918.20000005,53156590.22999999,115334197.69,360368670.73,279.0894317048853,90.77765749406342,48.6,45.31,47.75,13063246,4332515,177.1,118.167,46.8,4.6,9.08,77.4,158.633,139.6,97.233,17.65533333
2021-06-29,2,6,2021,29,35000.0,6,58.9,1478020,3096,571.8,456.2,9339,45379,4551,3630,1032,3523,528993918.20000005,53156590.22999999,115334197.69,360368670.73,279.0894317048853,90.77765749406342,48.6,45.31,47.75,13063246,4332515,177.1,118.167,46.8,4.6,9.08,77.4,158.633,139.6,97.233,17.65533333
2021-06-30,2,6,2021,30,35000.0,5,58.9,1478020,3096,571.8,456.2,9339,45379,4551,3630,1032,3523,528993918.20000005,53156590.22999999,115334197.69,360368670.73,279.0894317048853,90.77765749406342,48.6,45.31,47.75,13063246,4332515,177.1,118.167,46.8,4.6,9.08,77.4,158.633,139.6,97.233,17.65533333
2021-07-04,3,7,2021,4,55000.0,1,23.299999999999997,1583703,3183,574.5999999999999,354.70000000000005,7554,49004,3625,1667,486,3116,329835007.63999987,30925029.700000003,64638288.95000002,84108880.44999993,310.6872010160164,106.54503228494063,48.77,45.4,47.88,14677899,5115227,185.167,104.933,14.300000000000004,5.2,8.3,80.23,150.233,132.6,81.833,17.70466667
2021-07-05,3,7,2021,5,60000.0,3,23.299999999999997,1583703,3183,574.5999999999999,354.70000000000005,7554,49004,3625,1667,486,3116,329835007.63999987,30925029.700000003,64638288.95000002,84108880.44999993,310.6872010160164,106.54503228494063,48.77,45.4,47.88,14677899,5115227,185.167,104.933,14.300000000000004,5.2,8.3,80.23,150.233,132.6,81.833,17.70466667
2021-07-07,3,7,2021,7,24200.0,1,23.299999999999997,1583703,3183,574.5999999999999,354.70000000000005,7554,49004,3625,1667,486,3116,329835007.63999987,30925029.700000003,64638288.95000002,84108880.44999993,310.6872010160164,106.54503228494063,48.77,45.4,47.88,14677899,5115227,185.167,104.933,14.300000000000004,5.2,8.3,80.23,150.233,132.6,81.833,17.70466667
2021-07-08,3,7,2021,8,40000.0,1,23.299999999999997,1583703,3183,574.5999999999999,354.70000000000005,7554,49004,3625,1667,486,3116,329835007.63999987,30925029.700000003,64638288.95000002,84108880.44999993,310.6872010160164,106.54503228494063,48.77,45.4,47.88,14677899,5115227,185.167,104.933,14.300000000000004,5.2,8.3,80.23,150.233,132.6,81.833,17.70466667
2021-07-11,3,7,2021,11,50000.0,1,23.299999999999997,1583703,3183,574.5999999999999,354.70000000000005,7554,49004,3625,1667,486,3116,329835007.63999987,30925029.700000003,64638288.95000002,84108880.44999993,310.6872010160164,106.54503228494063,48.77,45.4,47.88,14677899,5115227,185.167,104.933,14.300000000000004,5.2,8.3,80.23,150.233,132.6,81.833,17.70466667
2021-07-16,3,7,2021,16,35000.0,1,23.299999999999997,1583703,3183,574.5999999999999,354.70000000000005,7554,49004,3625,1667,486,3116,329835007.63999987,30925029.700000003,64638288.95000002,84108880.44999993,310.6872010160164,106.54503228494063,48.77,45.4,47.88,14677899,5115227,185.167,104.933,14.300000000000004,5.2,8.3,80.23,150.233,132.6,81.833,17.70466667
2021-07-20,3,7,2021,20,30000.0,1,23.299999999999997,1583703,3183,574.5999999999999,354.70000000000005,7554,49004,3625,1667,486,3116,329835007.63999987,30925029.700000003,64638288.95000002,84108880.44999993,310.6872010160164,106.54503228494063,48.77,45.4,47.88,14677899,5115227,185.167,104.933,14.300000000000004,5.2,8.3,80.23,150.233,132.6,81.833,17.70466667
2021-07-21,3,7,2021,21,60000.0,1,23.299999999999997,1583703,3183,574.5999999999999,354.70000000000005,7554,49004,3625,1667,486,3116,329835007.63999987,30925029.700000003,64638288.95000002,84108880.44999993,310.6872010160164,106.54503228494063,48.77,45.4,47.88,14677899,5115227,185.167,104.933,14.300000000000004,5.2,8.3,80.23,150.233,132.6,81.833,17.70466667
2021-07-23,3,7,2021,23,60000.0,2,23.299999999999997,1583703,3183,574.5999999999999,354.70000000000005,7554,49004,3625,1667,486,3116,329835007.63999987,30925029.700000003,64638288.95000002,84108880.44999993,310.6872010160164,106.54503228494063,48.77,45.4,47.88,14677899,5115227,185.167,104.933,14.300000000000004,5.2,8.3,80.23,150.233,132.6,81.833,17.70466667
2021-07-24,3,7,2021,24,40000.0,2,23.299999999999997,1583703,3183,574.5999999999999,354.70000000000005,7554,49004,3625,1667,486,3116,329835007.63999987,30925029.700000003,64638288.95000002,84108880.44999993,310.6872010160164,106.54503228494063,48.77,45.4,47.88,14677899,5115227,185.167,104.933,14.300000000000004,5.2,8.3,80.23,150.233,132.6,81.833,17.70466667
2021-07-26,3,7,2021,26,52500.0,1,23.299999999999997,1583703,3183,574.5999999999999,354.70000000000005,7554,49004,3625,1667,486,3116,329835007.63999987,30925029.700000003,64638288.95000002,84108880.44999993,310.6872010160164,106.54503228494063,48.77,45.4,47.88,14677899,5115227,185.167,104.933,14.300000000000004,5.2,8.3,80.23,150.233,132.6,81.833,17.70466667
2021-07-27,3,7,2021,27,50000.0,2,23.299999999999997,1583703,3183,574.5999999999999,354.70000000000005,7554,49004,3625,1667,486,3116,329835007.63999987,30925029.700000003,64638288.95000002,84108880.44999993,310.6872010160164,106.54503228494063,48.77,45.4,47.88,14677899,5115227,185.167,104.933,14.300000000000004,5.2,8.3,80.23,150.233,132.6,81.833,17.70466667
2021-07-28,3,7,2021,28,46110.0,2,23.299999999999997,1583703,3183,574.5999999999999,354.70000000000005,7554,49004,3625,1667,486,3116,329835007.63999987,30925029.700000003,64638288.95000002,84108880.44999993,310.6872010160164,106.54503228494063,48.77,45.4,47.88,14677899,5115227,185.167,104.933,14.300000000000004,5.2,8.3,80.23,150.233,132.6,81.833,17.70466667
2021-07-29,3,7,2021,29,56000.0,53,23.299999999999997,1583703,3183,574.5999999999999,354.70000000000005,7554,49004,3625,1667,486,3116,329835007.63999987,30925029.700000003,64638288.95000002,84108880.44999993,310.6872010160164,106.54503228494063,48.77,45.4,47.88,14677899,5115227,185.167,104.933,14.300000000000004,5.2,8.3,80.23,150.233,132.6,81.833,17.70466667
2021-07-30,3,7,2021,30,40000.0,8,23.299999999999997,1583703,3183,574.5999999999999,354.70000000000005,7554,49004,3625,1667,486,3116,329835007.63999987,30925029.700000003,64638288.95000002,84108880.44999993,310.6872010160164,106.54503228494063,48.77,45.4,47.88,14677899,5115227,185.167,104.933,14.300000000000004,5.2,8.3,80.23,150.233,132.6,81.833,17.70466667
2021-07-31,3,7,2021,31,40000.0,6,23.299999999999997,1583703,3183,574.5999999999999,354.70000000000005,7554,49004,3625,1667,486,3116,329835007.63999987,30925029.700000003,64638288.95000002,84108880.44999993,310.6872010160164,106.54503228494063,48.77,45.4,47.88,14677899,5115227,185.167,104.933,14.300000000000004,5.2,8.3,80.23,150.233,132.6,81.833,17.70466667
2021-08-03,3,8,2021,3,60000.0,1,23.299999999999997,1604906,3811,574.5999999999999,354.70000000000005,7369,54757,5753,1802,522,2953,155551224.57000017,60831765.69999999,55168545.5,38959598.84000003,310.6872010160164,106.54503228494063,49.26,45.65,48.09,14677899,5115227,158,121.903,14.300000000000004,5.2,8.98,81.13,156.387,132.484,107.645,18.16096774
2021-08-04,3,8,2021,4,50000.0,2,23.299999999999997,1604906,3811,574.5999999999999,354.70000000000005,7369,54757,5753,1802,522,2953,155551224.57000017,60831765.69999999,55168545.5,38959598.84000003,310.6872010160164,106.54503228494063,49.26,45.65,48.09,14677899,5115227,158,121.903,14.300000000000004,5.2,8.98,81.13,156.387,132.484,107.645,18.16096774
2021-08-05,3,8,2021,5,60000.0,1,23.299999999999997,1604906,3811,574.5999999999999,354.70000000000005,7369,54757,5753,1802,522,2953,155551224.57000017,60831765.69999999,55168545.5,38959598.84000003,310.6872010160164,106.54503228494063,49.26,45.65,48.09,14677899,5115227,158,121.903,14.300000000000004,5.2,8.98,81.13,156.387,132.484,107.645,18.16096774
2021-08-06,3,8,2021,6,35000.0,3,23.299999999999997,1604906,3811,574.5999999999999,354.70000000000005,7369,54757,5753,1802,522,2953,155551224.57000017,60831765.69999999,55168545.5,38959598.84000003,310.6872010160164,106.54503228494063,49.26,45.65,48.09,14677899,5115227,158,121.903,14.300000000000004,5.2,8.98,81.13,156.387,132.484,107.645,18.16096774
2021-08-10,3,8,2021,10,65000.0,1,23.299999999999997,1604906,3811,574.5999999999999,354.70000000000005,7369,54757,5753,1802,522,2953,155551224.57000017,60831765.69999999,55168545.5,38959598.84000003,310.6872010160164,106.54503228494063,49.26,45.65,48.09,14677899,5115227,158,121.903,14.300000000000004,5.2,8.98,81.13,156.387,132.484,107.645,18.16096774
2021-08-11,3,8,2021,11,35000.0,15,23.299999999999997,1604906,3811,574.5999999999999,354.70000000000005,7369,54757,5753,1802,522,2953,155551224.57000017,60831765.69999999,55168545.5,38959598.84000003,310.6872010160164,106.54503228494063,49.26,45.65,48.09,14677899,5115227,158,121.903,14.300000000000004,5.2,8.98,81.13,156.387,132.484,107.645,18.16096774
2021-08-12,3,8,2021,12,35000.0,2,23.299999999999997,1604906,3811,574.5999999999999,354.70000000000005,7369,54757,5753,1802,522,2953,155551224.57000017,60831765.69999999,55168545.5,38959598.84000003,310.6872010160164,106.54503228494063,49.26,45.65,48.09,14677899,5115227,158,121.903,14.300000000000004,5.2,8.98,81.13,156.387,132.484,107.645,18.16096774
2021-08-13,3,8,2021,13,42500.0,2,23.299999999999997,1604906,3811,574.5999999999999,354.70000000000005,7369,54757,5753,1802,522,2953,155551224.57000017,60831765.69999999,55168545.5,38959598.84000003,310.6872010160164,106.54503228494063,49.26,45.65,48.09,14677899,5115227,158,121.903,14.300000000000004,5.2,8.98,81.13,156.387,132.484,107.645,18.16096774
2021-08-16,3,8,2021,16,41250.0,2,23.299999999999997,1604906,3811,574.5999999999999,354.70000000000005,7369,54757,5753,1802,522,2953,155551224.57000017,60831765.69999999,55168545.5,38959598.84000003,310.6872010160164,106.54503228494063,49.26,45.65,48.09,14677899,5115227,158,121.903,14.300000000000004,5.2,8.98,81.13,156.387,132.484,107.645,18.16096774
2021-08-17,3,8,2021,17,20000.0,18,23.299999999999997,1604906,3811,574.5999999999999,354.70000000000005,7369,54757,5753,1802,522,2953,155551224.57000017,60831765.69999999,55168545.5,38959598.84000003,310.6872010160164,106.54503228494063,49.26,45.65,48.09,14677899,5115227,158,121.903,14.300000000000004,5.2,8.98,81.13,156.387,132.484,107.645,18.16096774
2021-08-20,3,8,2021,20,40000.0,2,23.299999999999997,1604906,3811,574.5999999999999,354.70000000000005,7369,54757,5753,1802,522,2953,155551224.57000017,60831765.69999999,55168545.5,38959598.84000003,310.6872010160164,106.54503228494063,49.26,45.65,48.09,14677899,5115227,158,121.903,14.300000000000004,5.2,8.98,81.13,156.387,132.484,107.645,18.16096774
2021-08-21,3,8,2021,21,40000.0,5,23.299999999999997,1604906,3811,574.5999999999999,354.70000000000005,7369,54757,5753,1802,522,2953,155551224.57000017,60831765.69999999,55168545.5,38959598.84000003,310.6872010160164,106.54503228494063,49.26,45.65,48.09,14677899,5115227,158,121.903,14.300000000000004,5.2,8.98,81.13,156.387,132.484,107.645,18.16096774
2021-08-24,3,8,2021,24,75000.0,1,23.299999999999997,1604906,3811,574.5999999999999,354.70000000000005,7369,54757,5753,1802,522,2953,155551224.57000017,60831765.69999999,55168545.5,38959598.84000003,310.6872010160164,106.54503228494063,49.26,45.65,48.09,14677899,5115227,158,121.903,14.300000000000004,5.2,8.98,81.13,156.387,132.484,107.645,18.16096774
2021-08-26,3,8,2021,26,80000.0,1,23.299999999999997,1604906,3811,574.5999999999999,354.70000000000005,7369,54757,5753,1802,522,2953,155551224.57000017,60831765.69999999,55168545.5,38959598.84000003,310.6872010160164,106.54503228494063,49.26,45.65,48.09,14677899,5115227,158,121.903,14.300000000000004,5.2,8.98,81.13,156.387,132.484,107.645,18.16096774
2021-08-27,3,8,2021,27,55000.0,13,23.299999999999997,1604906,3811,574.5999999999999,354.70000000000005,7369,54757,5753,1802,522,2953,155551224.57000017,60831765.69999999,55168545.5,38959598.84000003,310.6872010160164,106.54503228494063,49.26,45.65,48.09,14677899,5115227,158,121.903,14.300000000000004,5.2,8.98,81.13,156.387,132.484,107.645,18.16096774
2021-08-30,3,8,2021,30,20000.0,1,23.299999999999997,1604906,3811,574.5999999999999,354.70000000000005,7369,54757,5753,1802,522,2953,155551224.57000017,60831765.69999999,55168545.5,38959598.84000003,310.6872010160164,106.54503228494063,49.26,45.65,48.09,14677899,5115227,158,121.903,14.300000000000004,5.2,8.98,81.13,156.387,132.484,107.645,18.16096774
2021-08-31,3,8,2021,31,80000.0,1,23.299999999999997,1604906,3811,574.5999999999999,354.70000000000005,7369,54757,5753,1802,522,2953,155551224.57000017,60831765.69999999,55168545.5,38959598.84000003,310.6872010160164,106.54503228494063,49.26,45.65,48.09,14677899,5115227,158,121.903,14.300000000000004,5.2,8.98,81.13,156.387,132.484,107.645,18.16096774
2021-09-01,3,9,2021,1,30000.0,3,23.299999999999997,1633298,3717,574.5999999999999,354.70000000000005,7977,58474,3717,2476,688,3047,213993761.38999987,85352887.14000002,45760441.44999999,56847356.74000001,310.6872010160164,106.54503228494063,49.04,45.34,48.06,14677899,5115227,170.567,112.633,14.300000000000004,5.2,10.38,81.27,157.3,131.5,96.9,19.047
2021-09-02,3,9,2021,2,60000.0,3,23.299999999999997,1633298,3717,574.5999999999999,354.70000000000005,7977,58474,3717,2476,688,3047,213993761.38999987,85352887.14000002,45760441.44999999,56847356.74000001,310.6872010160164,106.54503228494063,49.04,45.34,48.06,14677899,5115227,170.567,112.633,14.300000000000004,5.2,10.38,81.27,157.3,131.5,96.9,19.047
2021-09-03,3,9,2021,3,40000.0,1,23.299999999999997,1633298,3717,574.5999999999999,354.70000000000005,7977,58474,3717,2476,688,3047,213993761.38999987,85352887.14000002,45760441.44999999,56847356.74000001,310.6872010160164,106.54503228494063,49.04,45.34,48.06,14677899,5115227,170.567,112.633,14.300000000000004,5.2,10.38,81.27,157.3,131.5,96.9,19.047
2021-09-06,3,9,2021,6,60000.0,4,23.299999999999997,1633298,3717,574.5999999999999,354.70000000000005,7977,58474,3717,2476,688,3047,213993761.38999987,85352887.14000002,45760441.44999999,56847356.74000001,310.6872010160164,106.54503228494063,49.04,45.34,48.06,14677899,5115227,170.567,112.633,14.300000000000004,5.2,10.38,81.27,157.3,131.5,96.9,19.047
2021-09-07,3,9,2021,7,70000.0,1,23.299999999999997,1633298,3717,574.5999999999999,354.70000000000005,7977,58474,3717,2476,688,3047,213993761.38999987,85352887.14000002,45760441.44999999,56847356.74000001,310.6872010160164,106.54503228494063,49.04,45.34,48.06,14677899,5115227,170.567,112.633,14.300000000000004,5.2,10.38,81.27,157.3,131.5,96.9,19.047
2021-09-08,3,9,2021,8,30000.0,1,23.299999999999997,1633298,3717,574.5999999999999,354.70000000000005,7977,58474,3717,2476,688,3047,213993761.38999987,85352887.14000002,45760441.44999999,56847356.74000001,310.6872010160164,106.54503228494063,49.04,45.34,48.06,14677899,5115227,170.567,112.633,14.300000000000004,5.2,10.38,81.27,157.3,131.5,96.9,19.047
2021-09-09,3,9,2021,9,30500.0,2,23.299999999999997,1633298,3717,574.5999999999999,354.70000000000005,7977,58474,3717,2476,688,3047,213993761.38999987,85352887.14000002,45760441.44999999,56847356.74000001,310.6872010160164,106.54503228494063,49.04,45.34,48.06,14677899,5115227,170.567,112.633,14.300000000000004,5.2,10.38,81.27,157.3,131.5,96.9,19.047
2021-09-10,3,9,2021,10,60000.0,1,23.299999999999997,1633298,3717,574.5999999999999,354.70000000000005,7977,58474,3717,2476,688,3047,213993761.38999987,85352887.14000002,45760441.44999999,56847356.74000001,310.6872010160164,106.54503228494063,49.04,45.34,48.06,14677899,5115227,170.567,112.633,14.300000000000004,5.2,10.38,81.27,157.3,131.5,96.9,19.047
2021-09-14,3,9,2021,14,40000.0,1,23.299999999999997,1633298,3717,574.5999999999999,354.70000000000005,7977,58474,3717,2476,688,3047,213993761.38999987,85352887.14000002,45760441.44999999,56847356.74000001,310.6872010160164,106.54503228494063,49.04,45.34,48.06,14677899,5115227,170.567,112.633,14.300000000000004,5.2,10.38,81.27,157.3,131.5,96.9,19.047
2021-09-15,3,9,2021,15,70000.0,1,23.299999999999997,1633298,3717,574.5999999999999,354.70000000000005,7977,58474,3717,2476,688,3047,213993761.38999987,85352887.14000002,45760441.44999999,56847356.74000001,310.6872010160164,106.54503228494063,49.04,45.34,48.06,14677899,5115227,170.567,112.633,14.300000000000004,5.2,10.38,81.27,157.3,131.5,96.9,19.047
2021-09-16,3,9,2021,16,30000.0,49,23.299999999999997,1633298,3717,574.5999999999999,354.70000000000005,7977,58474,3717,2476,688,3047,213993761.38999987,85352887.14000002,45760441.44999999,56847356.74000001,310.6872010160164,106.54503228494063,49.04,45.34,48.06,14677899,5115227,170.567,112.633,14.300000000000004,5.2,10.38,81.27,157.3,131.5,96.9,19.047
2021-09-17,3,9,2021,17,60000.0,3,23.299999999999997,1633298,3717,574.5999999999999,354.70000000000005,7977,58474,3717,2476,688,3047,213993761.38999987,85352887.14000002,45760441.44999999,56847356.74000001,310.6872010160164,106.54503228494063,49.04,45.34,48.06,14677899,5115227,170.567,112.633,14.300000000000004,5.2,10.38,81.27,157.3,131.5,96.9,19.047
2021-09-21,3,9,2021,21,50000.0,2,23.299999999999997,1633298,3717,574.5999999999999,354.70000000000005,7977,58474,3717,2476,688,3047,213993761.38999987,85352887.14000002,45760441.44999999,56847356.74000001,310.6872010160164,106.54503228494063,49.04,45.34,48.06,14677899,5115227,170.567,112.633,14.300000000000004,5.2,10.38,81.27,157.3,131.5,96.9,19.047
2021-09-22,3,9,2021,22,20000.0,1,23.299999999999997,1633298,3717,574.5999999999999,354.70000000000005,7977,58474,3717,2476,688,3047,213993761.38999987,85352887.14000002,45760441.44999999,56847356.74000001,310.6872010160164,106.54503228494063,49.04,45.34,48.06,14677899,5115227,170.567,112.633,14.300000000000004,5.2,10.38,81.27,157.3,131.5,96.9,19.047
2021-09-23,3,9,2021,23,30000.0,36,23.299999999999997,1633298,3717,574.5999999999999,354.70000000000005,7977,58474,3717,2476,688,3047,213993761.38999987,85352887.14000002,45760441.44999999,56847356.74000001,310.6872010160164,106.54503228494063,49.04,45.34,48.06,14677899,5115227,170.567,112.633,14.300000000000004,5.2,10.38,81.27,157.3,131.5,96.9,19.047
2021-09-24,3,9,2021,24,62750.0,2,23.299999999999997,1633298,3717,574.5999999999999,354.70000000000005,7977,58474,3717,2476,688,3047,213993761.38999987,85352887.14000002,45760441.44999999,56847356.74000001,310.6872010160164,106.54503228494063,49.04,45.34,48.06,14677899,5115227,170.567,112.633,14.300000000000004,5.2,10.38,81.27,157.3,131.5,96.9,19.047
2021-09-27,3,9,2021,27,57500.0,2,23.299999999999997,1633298,3717,574.5999999999999,354.70000000000005,7977,58474,3717,2476,688,3047,213993761.38999987,85352887.14000002,45760441.44999999,56847356.74000001,310.6872010160164,106.54503228494063,49.04,45.34,48.06,14677899,5115227,170.567,112.633,14.300000000000004,5.2,10.38,81.27,157.3,131.5,96.9,19.047
2021-09-28,3,9,2021,28,30000.0,12,23.299999999999997,1633298,3717,574.5999999999999,354.70000000000005,7977,58474,3717,2476,688,3047,213993761.38999987,85352887.14000002,45760441.44999999,56847356.74000001,310.6872010160164,106.54503228494063,49.04,45.34,48.06,14677899,5115227,170.567,112.633,14.300000000000004,5.2,10.38,81.27,157.3,131.5,96.9,19.047
2021-09-29,3,9,2021,29,30000.0,152,23.299999999999997,1633298,3717,574.5999999999999,354.70000000000005,7977,58474,3717,2476,688,3047,213993761.38999987,85352887.14000002,45760441.44999999,56847356.74000001,310.6872010160164,106.54503228494063,49.04,45.34,48.06,14677899,5115227,170.567,112.633,14.300000000000004,5.2,10.38,81.27,157.3,131.5,96.9,19.047
2021-09-30,3,9,2021,30,30000.0,20,23.299999999999997,1633298,3717,574.5999999999999,354.70000000000005,7977,58474,3717,2476,688,3047,213993761.38999987,85352887.14000002,45760441.44999999,56847356.74000001,310.6872010160164,106.54503228494063,49.04,45.34,48.06,14677899,5115227,170.567,112.633,14.300000000000004,5.2,10.38,81.27,157.3,131.5,96.9,19.047
2021-10-01,4,10,2021,1,60000.0,1,17.60000000000001,1751834,3497,926.5,589.8,8737,62664,4190,2557,707,3219,365312902.6200001,55356292.43000001,82537272.19999999,77330488.75,299.1328058302968,111.90859955796664,49.43,45.78,48.46,14365853,5569691,184.806,104.645,23.099999999999994,13.6,10.36,76,149.613,133.194,80.419,17.73516129
2021-10-04,4,10,2021,4,46110.0,3,17.60000000000001,1751834,3497,926.5,589.8,8737,62664,4190,2557,707,3219,365312902.6200001,55356292.43000001,82537272.19999999,77330488.75,299.1328058302968,111.90859955796664,49.43,45.78,48.46,14365853,5569691,184.806,104.645,23.099999999999994,13.6,10.36,76,149.613,133.194,80.419,17.73516129
2021-10-05,4,10,2021,5,60000.0,6,17.60000000000001,1751834,3497,926.5,589.8,8737,62664,4190,2557,707,3219,365312902.6200001,55356292.43000001,82537272.19999999,77330488.75,299.1328058302968,111.90859955796664,49.43,45.78,48.46,14365853,5569691,184.806,104.645,23.099999999999994,13.6,10.36,76,149.613,133.194,80.419,17.73516129
2021-10-06,4,10,2021,6,50000.0,1,17.60000000000001,1751834,3497,926.5,589.8,8737,62664,4190,2557,707,3219,365312902.6200001,55356292.43000001,82537272.19999999,77330488.75,299.1328058302968,111.90859955796664,49.43,45.78,48.46,14365853,5569691,184.806,104.645,23.099999999999994,13.6,10.36,76,149.613,133.194,80.419,17.73516129
2021-10-07,4,10,2021,7,50000.0,1,17.60000000000001,1751834,3497,926.5,589.8,8737,62664,4190,2557,707,3219,365312902.6200001,55356292.43000001,82537272.19999999,77330488.75,299.1328058302968,111.90859955796664,49.43,45.78,48.46,14365853,5569691,184.806,104.645,23.099999999999994,13.6,10.36,76,149.613,133.194,80.419,17.73516129
2021-10-11,4,10,2021,11,25500.0,1,17.60000000000001,1751834,3497,926.5,589.8,8737,62664,4190,2557,707,3219,365312902.6200001,55356292.43000001,82537272.19999999,77330488.75,299.1328058302968,111.90859955796664,49.43,45.78,48.46,14365853,5569691,184.806,104.645,23.099999999999994,13.6,10.36,76,149.613,133.194,80.419,17.73516129
2021-10-12,4,10,2021,12,77500.0,5,17.60000000000001,1751834,3497,926.5,589.8,8737,62664,4190,2557,707,3219,365312902.6200001,55356292.43000001,82537272.19999999,77330488.75,299.1328058302968,111.90859955796664,49.43,45.78,48.46,14365853,5569691,184.806,104.645,23.099999999999994,13.6,10.36,76,149.613,133.194,80.419,17.73516129
2021-10-13,4,10,2021,13,45000.0,1,17.60000000000001,1751834,3497,926.5,589.8,8737,62664,4190,2557,707,3219,365312902.6200001,55356292.43000001,82537272.19999999,77330488.75,299.1328058302968,111.90859955796664,49.43,45.78,48.46,14365853,5569691,184.806,104.645,23.099999999999994,13.6,10.36,76,149.613,133.194,80.419,17.73516129
2021-10-14,4,10,2021,14,60000.0,1,17.60000000000001,1751834,3497,926.5,589.8,8737,62664,4190,2557,707,3219,365312902.6200001,55356292.43000001,82537272.19999999,77330488.75,299.1328058302968,111.90859955796664,49.43,45.78,48.46,14365853,5569691,184.806,104.645,23.099999999999994,13.6,10.36,76,149.613,133.194,80.419,17.73516129
2021-10-17,4,10,2021,17,77500.0,51,17.60000000000001,1751834,3497,926.5,589.8,8737,62664,4190,2557,707,3219,365312902.6200001,55356292.43000001,82537272.19999999,77330488.75,299.1328058302968,111.90859955796664,49.43,45.78,48.46,14365853,5569691,184.806,104.645,23.099999999999994,13.6,10.36,76,149.613,133.194,80.419,17.73516129
2021-10-18,4,10,2021,18,26000.0,10,17.60000000000001,1751834,3497,926.5,589.8,8737,62664,4190,2557,707,3219,365312902.6200001,55356292.43000001,82537272.19999999,77330488.75,299.1328058302968,111.90859955796664,49.43,45.78,48.46,14365853,5569691,184.806,104.645,23.099999999999994,13.6,10.36,76,149.613,133.194,80.419,17.73516129
2021-10-21,4,10,2021,21,55000.0,1,17.60000000000001,1751834,3497,926.5,589.8,8737,62664,4190,2557,707,3219,365312902.6200001,55356292.43000001,82537272.19999999,77330488.75,299.1328058302968,111.90859955796664,49.43,45.78,48.46,14365853,5569691,184.806,104.645,23.099999999999994,13.6,10.36,76,149.613,133.194,80.419,17.73516129
2021-10-22,4,10,2021,22,20000.0,9,17.60000000000001,1751834,3497,926.5,589.8,8737,62664,4190,2557,707,3219,365312902.6200001,55356292.43000001,82537272.19999999,77330488.75,299.1328058302968,111.90859955796664,49.43,45.78,48.46,14365853,5569691,184.806,104.645,23.099999999999994,13.6,10.36,76,149.613,133.194,80.419,17.73516129
2021-10-26,4,10,2021,26,40000.0,44,17.60000000000001,1751834,3497,926.5,589.8,8737,62664,4190,2557,707,3219,365312902.6200001,55356292.43000001,82537272.19999999,77330488.75,299.1328058302968,111.90859955796664,49.43,45.78,48.46,14365853,5569691,184.806,104.645,23.099999999999994,13.6,10.36,76,149.613,133.194,80.419,17.73516129
2021-10-29,4,10,2021,29,42500.0,4,17.60000000000001,1751834,3497,926.5,589.8,8737,62664,4190,2557,707,3219,365312902.6200001,55356292.43000001,82537272.19999999,77330488.75,299.1328058302968,111.90859955796664,49.43,45.78,48.46,14365853,5569691,184.806,104.645,23.099999999999994,13.6,10.36,76,149.613,133.194,80.419,17.73516129
2021-11-01,4,11,2021,1,55000.0,1,17.60000000000001,1771546,3688,926.5,589.8,8666,65004,2340,2622,780,3251,372613087.26,81855035.51999998,96157020.90000004,181323324.88,299.1328058302968,111.90859955796664,49.87,46.19,49.27,14365853,5569691,177.1,104.1,23.099999999999994,13.6,6.45,68.8,154.767,140.233,63.333,18.878
2021-11-03,4,11,2021,3,35000.0,2,17.60000000000001,1771546,3688,926.5,589.8,8666,65004,2340,2622,780,3251,372613087.26,81855035.51999998,96157020.90000004,181323324.88,299.1328058302968,111.90859955796664,49.87,46.19,49.27,14365853,5569691,177.1,104.1,23.099999999999994,13.6,6.45,68.8,154.767,140.233,63.333,18.878
2021-11-05,4,11,2021,5,30000.0,30,17.60000000000001,1771546,3688,926.5,589.8,8666,65004,2340,2622,780,3251,372613087.26,81855035.51999998,96157020.90000004,181323324.88,299.1328058302968,111.90859955796664,49.87,46.19,49.27,14365853,5569691,177.1,104.1,23.099999999999994,13.6,6.45,68.8,154.767,140.233,63.333,18.878
2021-11-06,4,11,2021,6,37500.0,1,17.60000000000001,1771546,3688,926.5,589.8,8666,65004,2340,2622,780,3251,372613087.26,81855035.51999998,96157020.90000004,181323324.88,299.1328058302968,111.90859955796664,49.87,46.19,49.27,14365853,5569691,177.1,104.1,23.099999999999994,13.6,6.45,68.8,154.767,140.233,63.333,18.878
2021-11-08,4,11,2021,8,56000.0,2,17.60000000000001,1771546,3688,926.5,589.8,8666,65004,2340,2622,780,3251,372613087.26,81855035.51999998,96157020.90000004,181323324.88,299.1328058302968,111.90859955796664,49.87,46.19,49.27,14365853,5569691,177.1,104.1,23.099999999999994,13.6,6.45,68.8,154.767,140.233,63.333,18.878
2021-11-11,4,11,2021,11,60000.0,5,17.60000000000001,1771546,3688,926.5,589.8,8666,65004,2340,2622,780,3251,372613087.26,81855035.51999998,96157020.90000004,181323324.88,299.1328058302968,111.90859955796664,49.87,46.19,49.27,14365853,5569691,177.1,104.1,23.099999999999994,13.6,6.45,68.8,154.767,140.233,63.333,18.878
2021-11-16,4,11,2021,16,37500.0,2,17.60000000000001,1771546,3688,926.5,589.8,8666,65004,2340,2622,780,3251,372613087.26,81855035.51999998,96157020.90000004,181323324.88,299.1328058302968,111.90859955796664,49.87,46.19,49.27,14365853,5569691,177.1,104.1,23.099999999999994,13.6,6.45,68.8,154.767,140.233,63.333,18.878
2021-11-18,4,11,2021,18,63750.0,4,17.60000000000001,1771546,3688,926.5,589.8,8666,65004,2340,2622,780,3251,372613087.26,81855035.51999998,96157020.90000004,181323324.88,299.1328058302968,111.90859955796664,49.87,46.19,49.27,14365853,5569691,177.1,104.1,23.099999999999994,13.6,6.45,68.8,154.767,140.233,63.333,18.878
2021-11-19,4,11,2021,19,70000.0,2,17.60000000000001,1771546,3688,926.5,589.8,8666,65004,2340,2622,780,3251,372613087.26,81855035.51999998,96157020.90000004,181323324.88,299.1328058302968,111.90859955796664,49.87,46.19,49.27,14365853,5569691,177.1,104.1,23.099999999999994,13.6,6.45,68.8,154.767,140.233,63.333,18.878
2021-11-22,4,11,2021,22,42500.0,2,17.60000000000001,1771546,3688,926.5,589.8,8666,65004,2340,2622,780,3251,372613087.26,81855035.51999998,96157020.90000004,181323324.88,299.1328058302968,111.90859955796664,49.87,46.19,49.27,14365853,5569691,177.1,104.1,23.099999999999994,13.6,6.45,68.8,154.767,140.233,63.333,18.878
2021-11-23,4,11,2021,23,30000.0,4,17.60000000000001,1771546,3688,926.5,589.8,8666,65004,2340,2622,780,3251,372613087.26,81855035.51999998,96157020.90000004,181323324.88,299.1328058302968,111.90859955796664,49.87,46.19,49.27,14365853,5569691,177.1,104.1,23.099999999999994,13.6,6.45,68.8,154.767,140.233,63.333,18.878
2021-11-24,4,11,2021,24,26000.0,9,17.60000000000001,1771546,3688,926.5,589.8,8666,65004,2340,2622,780,3251,372613087.26,81855035.51999998,96157020.90000004,181323324.88,299.1328058302968,111.90859955796664,49.87,46.19,49.27,14365853,5569691,177.1,104.1,23.099999999999994,13.6,6.45,68.8,154.767,140.233,63.333,18.878
2021-11-29,4,11,2021,29,60000.0,3,17.60000000000001,1771546,3688,926.5,589.8,8666,65004,2340,2622,780,3251,372613087.26,81855035.51999998,96157020.90000004,181323324.88,299.1328058302968,111.90859955796664,49.87,46.19,49.27,14365853,5569691,177.1,104.1,23.099999999999994,13.6,6.45,68.8,154.767,140.233,63.333,18.878
2021-11-30,4,11,2021,30,57000.0,2,17.60000000000001,1771546,3688,926.5,589.8,8666,65004,2340,2622,780,3251,372613087.26,81855035.51999998,96157020.90000004,181323324.88,299.1328058302968,111.90859955796664,49.87,46.19,49.27,14365853,5569691,177.1,104.1,23.099999999999994,13.6,6.45,68.8,154.767,140.233,63.333,18.878
2021-12-03,4,12,2021,3,40000.0,3,17.60000000000001,1990361,4281,926.5,589.8,10865,70380,5376,3434,909,3709,962795469.1100001,158834303.18000007,317774952.34999996,446885809.81000006,299.1328058302968,111.90859955796664,50.33,46.55,51.58,14365853,5569691,160.7,113.4,23.099999999999994,13.6,11.58,73.76,175.1,135.5,83.567,17.40612903
2021-12-06,4,12,2021,6,60000.0,3,17.60000000000001,1990361,4281,926.5,589.8,10865,70380,5376,3434,909,3709,962795469.1100001,158834303.18000007,317774952.34999996,446885809.81000006,299.1328058302968,111.90859955796664,50.33,46.55,51.58,14365853,5569691,160.7,113.4,23.099999999999994,13.6,11.58,73.76,175.1,135.5,83.567,17.40612903
2021-12-08,4,12,2021,8,30000.0,1,17.60000000000001,1990361,4281,926.5,589.8,10865,70380,5376,3434,909,3709,962795469.1100001,158834303.18000007,317774952.34999996,446885809.81000006,299.1328058302968,111.90859955796664,50.33,46.55,51.58,14365853,5569691,160.7,113.4,23.099999999999994,13.6,11.58,73.76,175.1,135.5,83.567,17.40612903
2021-12-10,4,12,2021,10,60000.0,4,17.60000000000001,1990361,4281,926.5,589.8,10865,70380,5376,3434,909,3709,962795469.1100001,158834303.18000007,317774952.34999996,446885809.81000006,299.1328058302968,111.90859955796664,50.33,46.55,51.58,14365853,5569691,160.7,113.4,23.099999999999994,13.6,11.58,73.76,175.1,135.5,83.567,17.40612903
2021-12-13,4,12,2021,13,40000.0,1,17.60000000000001,1990361,4281,926.5,589.8,10865,70380,5376,3434,909,3709,962795469.1100001,158834303.18000007,317774952.34999996,446885809.81000006,299.1328058302968,111.90859955796664,50.33,46.55,51.58,14365853,5569691,160.7,113.4,23.099999999999994,13.6,11.58,73.76,175.1,135.5,83.567,17.40612903
2021-12-14,4,12,2021,14,32500.0,4,17.60000000000001,1990361,4281,926.5,589.8,10865,70380,5376,3434,909,3709,962795469.1100001,158834303.18000007,317774952.34999996,446885809.81000006,299.1328058302968,111.90859955796664,50.33,46.55,51.58,14365853,5569691,160.7,113.4,23.099999999999994,13.6,11.58,73.76,175.1,135.5,83.567,17.40612903
2021-12-20,4,12,2021,20,45000.0,1,17.60000000000001,1990361,4281,926.5,589.8,10865,70380,5376,3434,909,3709,962795469.1100001,158834303.18000007,317774952.34999996,446885809.81000006,299.1328058302968,111.90859955796664,50.33,46.55,51.58,14365853,5569691,160.7,113.4,23.099999999999994,13.6,11.58,73.76,175.1,135.5,83.567,17.40612903
2021-12-24,4,12,2021,24,40000.0,3,17.60000000000001,1990361,4281,926.5,589.8,10865,70380,5376,3434,909,3709,962795469.1100001,158834303.18000007,317774952.34999996,446885809.81000006,299.1328058302968,111.90859955796664,50.33,46.55,51.58,14365853,5569691,160.7,113.4,23.099999999999994,13.6,11.58,73.76,175.1,135.5,83.567,17.40612903
2021-12-25,4,12,2021,25,35000.0,10,17.60000000000001,1990361,4281,926.5,589.8,10865,70380,5376,3434,909,3709,962795469.1100001,158834303.18000007,317774952.34999996,446885809.81000006,299.1328058302968,111.90859955796664,50.33,46.55,51.58,14365853,5569691,160.7,113.4,23.099999999999994,13.6,11.58,73.76,175.1,135.5,83.567,17.40612903
2021-12-27,4,12,2021,27,40000.0,1,17.60000000000001,1990361,4281,926.5,589.8,10865,70380,5376,3434,909,3709,962795469.1100001,158834303.18000007,317774952.34999996,446885809.81000006,299.1328058302968,111.90859955796664,50.33,46.55,51.58,14365853,5569691,160.7,113.4,23.099999999999994,13.6,11.58,73.76,175.1,135.5,83.567,17.40612903
2021-12-29,4,12,2021,29,60000.0,4,17.60000000000001,1990361,4281,926.5,589.8,10865,70380,5376,3434,909,3709,962795469.1100001,158834303.18000007,317774952.34999996,446885809.81000006,299.1328058302968,111.90859955796664,50.33,46.55,51.58,14365853,5569691,160.7,113.4,23.099999999999994,13.6,11.58,73.76,175.1,135.5,83.567,17.40612903
2022-01-12,1,1,2022,12,40000.0,5,20.9,1848189,4352,699.1,584.7,5441,72428,2048,2070,540,1753,27527801.25,6639659.14,1109796.15,19733029.82,253.05302999387877,114.6206968906975,50.67,47.02,52.29,12402129,6008799,129.774,101.935,6.8,1.92,8.4,61.4,128.548,123.839,85.129,17.25580645
2022-01-13,1,1,2022,13,52500.0,2,20.9,1848189,4352,699.1,584.7,5441,72428,2048,2070,540,1753,27527801.25,6639659.14,1109796.15,19733029.82,253.05302999387877,114.6206968906975,50.67,47.02,52.29,12402129,6008799,129.774,101.935,6.8,1.92,8.4,61.4,128.548,123.839,85.129,17.25580645
2022-01-14,1,1,2022,14,45000.0,2,20.9,1848189,4352,699.1,584.7,5441,72428,2048,2070,540,1753,27527801.25,6639659.14,1109796.15,19733029.82,253.05302999387877,114.6206968906975,50.67,47.02,52.29,12402129,6008799,129.774,101.935,6.8,1.92,8.4,61.4,128.548,123.839,85.129,17.25580645
2022-01-15,1,1,2022,15,30000.0,3,20.9,1848189,4352,699.1,584.7,5441,72428,2048,2070,540,1753,27527801.25,6639659.14,1109796.15,19733029.82,253.05302999387877,114.6206968906975,50.67,47.02,52.29,12402129,6008799,129.774,101.935,6.8,1.92,8.4,61.4,128.548,123.839,85.129,17.25580645
2022-01-17,1,1,2022,17,40000.0,27,20.9,1848189,4352,699.1,584.7,5441,72428,2048,2070,540,1753,27527801.25,6639659.14,1109796.15,19733029.82,253.05302999387877,114.6206968906975,50.67,47.02,52.29,12402129,6008799,129.774,101.935,6.8,1.92,8.4,61.4,128.548,123.839,85.129,17.25580645
2022-01-18,1,1,2022,18,65000.0,1,20.9,1848189,4352,699.1,584.7,5441,72428,2048,2070,540,1753,27527801.25,6639659.14,1109796.15,19733029.82,253.05302999387877,114.6206968906975,50.67,47.02,52.29,12402129,6008799,129.774,101.935,6.8,1.92,8.4,61.4,128.548,123.839,85.129,17.25580645
2022-01-21,1,1,2022,21,50000.0,7,20.9,1848189,4352,699.1,584.7,5441,72428,2048,2070,540,1753,27527801.25,6639659.14,1109796.15,19733029.82,253.05302999387877,114.6206968906975,50.67,47.02,52.29,12402129,6008799,129.774,101.935,6.8,1.92,8.4,61.4,128.548,123.839,85.129,17.25580645
2022-01-24,1,1,2022,24,40000.0,2,20.9,1848189,4352,699.1,584.7,5441,72428,2048,2070,540,1753,27527801.25,6639659.14,1109796.15,19733029.82,253.05302999387877,114.6206968906975,50.67,47.02,52.29,12402129,6008799,129.774,101.935,6.8,1.92,8.4,61.4,128.548,123.839,85.129,17.25580645
2022-01-26,1,1,2022,26,52500.0,1,20.9,1848189,4352,699.1,584.7,5441,72428,2048,2070,540,1753,27527801.25,6639659.14,1109796.15,19733029.82,253.05302999387877,114.6206968906975,50.67,47.02,52.29,12402129,6008799,129.774,101.935,6.8,1.92,8.4,61.4,128.548,123.839,85.129,17.25580645
2022-01-27,1,1,2022,27,60000.0,1,20.9,1848189,4352,699.1,584.7,5441,72428,2048,2070,540,1753,27527801.25,6639659.14,1109796.15,19733029.82,253.05302999387877,114.6206968906975,50.67,47.02,52.29,12402129,6008799,129.774,101.935,6.8,1.92,8.4,61.4,128.548,123.839,85.129,17.25580645
2022-02-01,1,2,2022,1,60000.0,1,20.9,1666087,4403,699.1,584.7,7967,73123,695,2883,711,2581,339749956.88,18940803.02,9139441.209999999,68609743.96000001,253.05302999387877,114.6206968906975,50.98,47.34,52.45,12402129,6008799,165.071,102.179,6.8,1.92,10.28,68,173.107,147.107,88.714,18.37357143
2022-02-02,1,2,2022,2,60000.0,2,20.9,1666087,4403,699.1,584.7,7967,73123,695,2883,711,2581,339749956.88,18940803.02,9139441.209999999,68609743.96000001,253.05302999387877,114.6206968906975,50.98,47.34,52.45,12402129,6008799,165.071,102.179,6.8,1.92,10.28,68,173.107,147.107,88.714,18.37357143
2022-02-03,1,2,2022,3,70000.0,3,20.9,1666087,4403,699.1,584.7,7967,73123,695,2883,711,2581,339749956.88,18940803.02,9139441.209999999,68609743.96000001,253.05302999387877,114.6206968906975,50.98,47.34,52.45,12402129,6008799,165.071,102.179,6.8,1.92,10.28,68,173.107,147.107,88.714,18.37357143
2022-02-07,1,2,2022,7,62500.0,1,20.9,1666087,4403,699.1,584.7,7967,73123,695,2883,711,2581,339749956.88,18940803.02,9139441.209999999,68609743.96000001,253.05302999387877,114.6206968906975,50.98,47.34,52.45,12402129,6008799,165.071,102.179,6.8,1.92,10.28,68,173.107,147.107,88.714,18.37357143
2022-02-08,1,2,2022,8,35000.0,14,20.9,1666087,4403,699.1,584.7,7967,73123,695,2883,711,2581,339749956.88,18940803.02,9139441.209999999,68609743.96000001,253.05302999387877,114.6206968906975,50.98,47.34,52.45,12402129,6008799,165.071,102.179,6.8,1.92,10.28,68,173.107,147.107,88.714,18.37357143
2022-02-11,1,2,2022,11,50300.0,1,20.9,1666087,4403,699.1,584.7,7967,73123,695,2883,711,2581,339749956.88,18940803.02,9139441.209999999,68609743.96000001,253.05302999387877,114.6206968906975,50.98,47.34,52.45,12402129,6008799,165.071,102.179,6.8,1.92,10.28,68,173.107,147.107,88.714,18.37357143
2022-02-14,1,2,2022,14,53000.0,2,20.9,1666087,4403,699.1,584.7,7967,73123,695,2883,711,2581,339749956.88,18940803.02,9139441.209999999,68609743.96000001,253.05302999387877,114.6206968906975,50.98,47.34,52.45,12402129,6008799,165.071,102.179,6.8,1.92,10.28,68,173.107,147.107,88.714,18.37357143
2022-02-16,1,2,2022,16,60000.0,11,20.9,1666087,4403,699.1,584.7,7967,73123,695,2883,711,2581,339749956.88,18940803.02,9139441.209999999,68609743.96000001,253.05302999387877,114.6206968906975,50.98,47.34,52.45,12402129,6008799,165.071,102.179,6.8,1.92,10.28,68,173.107,147.107,88.714,18.37357143
2022-02-25,1,2,2022,25,50000.0,1,20.9,1666087,4403,699.1,584.7,7967,73123,695,2883,711,2581,339749956.88,18940803.02,9139441.209999999,68609743.96000001,253.05302999387877,114.6206968906975,50.98,47.34,52.45,12402129,6008799,165.071,102.179,6.8,1.92,10.28,68,173.107,147.107,88.714,18.37357143
2022-03-02,1,3,2022,2,60000.0,2,20.9,1811428,3886,699.1,584.7,8261,68771,-4352,2897,799,2823,,,,,253.05302999387877,114.6206968906975,50.84,47.21,52.53,12402129,6008799,163,96.968,6.8,1.92,10.9,66.32,159.742,152.806,80.613,14.36064516
2022-03-03,1,3,2022,3,71250.0,2,20.9,1811428,3886,699.1,584.7,8261,68771,-4352,2897,799,2823,,,,,253.05302999387877,114.6206968906975,50.84,47.21,52.53,12402129,6008799,163,96.968,6.8,1.92,10.9,66.32,159.742,152.806,80.613,14.36064516
2022-03-10,1,3,2022,10,62500.0,2,20.9,1811428,3886,699.1,584.7,8261,68771,-4352,2897,799,2823,,,,,253.05302999387877,114.6206968906975,50.84,47.21,52.53,12402129,6008799,163,96.968,6.8,1.92,10.9,66.32,159.742,152.806,80.613,14.36064516
2022-03-11,1,3,2022,11,55000.0,1,20.9,1811428,3886,699.1,584.7,8261,68771,-4352,2897,799,2823,,,,,253.05302999387877,114.6206968906975,50.84,47.21,52.53,12402129,6008799,163,96.968,6.8,1.92,10.9,66.32,159.742,152.806,80.613,14.36064516
2022-03-21,1,3,2022,21,37500.0,2,20.9,1811428,3886,699.1,584.7,8261,68771,-4352,2897,799,2823,,,,,253.05302999387877,114.6206968906975,50.84,47.21,52.53,12402129,6008799,163,96.968,6.8,1.92,10.9,66.32,159.742,152.806,80.613,14.36064516
2022-03-22,1,3,2022,22,55000.0,2,20.9,1811428,3886,699.1,584.7,8261,68771,-4352,2897,799,2823,,,,,253.05302999387877,114.6206968906975,50.84,47.21,52.53,12402129,6008799,163,96.968,6.8,1.92,10.9,66.32,159.742,152.806,80.613,14.36064516
2022-03-25,1,3,2022,25,58500.0,2,20.9,1811428,3886,699.1,584.7,8261,68771,-4352,2897,799,2823,,,,,253.05302999387877,114.6206968906975,50.84,47.21,52.53,12402129,6008799,163,96.968,6.8,1.92,10.9,66.32,159.742,152.806,80.613,14.36064516
2022-03-28,1,3,2022,28,80000.0,1,20.9,1811428,3886,699.1,584.7,8261,68771,-4352,2897,799,2823,,,,,253.05302999387877,114.6206968906975,50.84,47.21,52.53,12402129,6008799,163,96.968,6.8,1.92,10.9,66.32,159.742,152.806,80.613,14.36064516
2022-03-31,1,3,2022,31,60000.0,1,20.9,1811428,3886,699.1,584.7,8261,68771,-4352,2897,799,2823,,,,,253.05302999387877,114.6206968906975,50.84,47.21,52.53,12402129,6008799,163,96.968,6.8,1.92,10.9,66.32,159.742,152.806,80.613,14.36064516
2022-04-01,2,4,2022,1,35000.0,1,11.899999999999999,1615571,3601,483.6,431.79999999999995,2316,68852,81,977,227,816,,,,,279.52598130841125,103.49250192258397,50.8,47.18,52.12,13708420,5382990,137.7,98.3,6.500000000000001,2.1,10.83,64.83,109.267,136.067,83.667,14.206
2022-04-09,2,4,2022,9,37500.0,1,11.899999999999999,1615571,3601,483.6,431.79999999999995,2316,68852,81,977,227,816,,,,,279.52598130841125,103.49250192258397,50.8,47.18,52.12,13708420,5382990,137.7,98.3,6.500000000000001,2.1,10.83,64.83,109.267,136.067,83.667,14.206
2022-04-11,2,4,2022,11,60000.0,3,11.899999999999999,1615571,3601,483.6,431.79999999999995,2316,68852,81,977,227,816,,,,,279.52598130841125,103.49250192258397,50.8,47.18,52.12,13708420,5382990,137.7,98.3,6.500000000000001,2.1,10.83,64.83,109.267,136.067,83.667,14.206
2022-04-12,2,4,2022,12,55000.0,1,11.899999999999999,1615571,3601,483.6,431.79999999999995,2316,68852,81,977,227,816,,,,,279.52598130841125,103.49250192258397,50.8,47.18,52.12,13708420,5382990,137.7,98.3,6.500000000000001,2.1,10.83,64.83,109.267,136.067,83.667,14.206
2022-04-13,2,4,2022,13,60000.0,1,11.899999999999999,1615571,3601,483.6,431.79999999999995,2316,68852,81,977,227,816,,,,,279.52598130841125,103.49250192258397,50.8,47.18,52.12,13708420,5382990,137.7,98.3,6.500000000000001,2.1,10.83,64.83,109.267,136.067,83.667,14.206
2022-04-14,2,4,2022,14,62750.0,2,11.899999999999999,1615571,3601,483.6,431.79999999999995,2316,68852,81,977,227,816,,,,,279.52598130841125,103.49250192258397,50.8,47.18,52.12,13708420,5382990,137.7,98.3,6.500000000000001,2.1,10.83,64.83,109.267,136.067,83.667,14.206
2022-04-17,2,4,2022,17,37500.0,4,11.899999999999999,1615571,3601,483.6,431.79999999999995,2316,68852,81,977,227,816,,,,,279.52598130841125,103.49250192258397,50.8,47.18,52.12,13708420,5382990,137.7,98.3,6.500000000000001,2.1,10.83,64.83,109.267,136.067,83.667,14.206
2022-04-21,2,4,2022,21,35000.0,1,11.899999999999999,1615571,3601,483.6,431.79999999999995,2316,68852,81,977,227,816,,,,,279.52598130841125,103.49250192258397,50.8,47.18,52.12,13708420,5382990,137.7,98.3,6.500000000000001,2.1,10.83,64.83,109.267,136.067,83.667,14.206
2022-04-22,2,4,2022,22,30000.0,1,11.899999999999999,1615571,3601,483.6,431.79999999999995,2316,68852,81,977,227,816,,,,,279.52598130841125,103.49250192258397,50.8,47.18,52.12,13708420,5382990,137.7,98.3,6.500000000000001,2.1,10.83,64.83,109.267,136.067,83.667,14.206
2022-05-03,2,5,2022,3,62500.0,1,11.899999999999999,1555996,4233,483.6,431.79999999999995,1880,69140,288,983,179,578,,,,,279.52598130841125,103.49250192258397,50.9,47.27,51.93,13708420,5382990,122.516,98.968,6.500000000000001,2.1,10.82,61.23,108.29,125.806,84.065,13.08741935
2022-05-05,2,5,2022,5,40000.0,1,11.899999999999999,1555996,4233,483.6,431.79999999999995,1880,69140,288,983,179,578,,,,,279.52598130841125,103.49250192258397,50.9,47.27,51.93,13708420,5382990,122.516,98.968,6.500000000000001,2.1,10.82,61.23,108.29,125.806,84.065,13.08741935
2022-05-12,2,5,2022,12,62500.0,1,11.899999999999999,1555996,4233,483.6,431.79999999999995,1880,69140,288,983,179,578,,,,,279.52598130841125,103.49250192258397,50.9,47.27,51.93,13708420,5382990,122.516,98.968,6.500000000000001,2.1,10.82,61.23,108.29,125.806,84.065,13.08741935
2022-05-17,2,5,2022,17,40000.0,1,11.899999999999999,1555996,4233,483.6,431.79999999999995,1880,69140,288,983,179,578,,,,,279.52598130841125,103.49250192258397,50.9,47.27,51.93,13708420,5382990,122.516,98.968,6.500000000000001,2.1,10.82,61.23,108.29,125.806,84.065,13.08741935
2022-05-18,2,5,2022,18,58500.0,2,11.899999999999999,1555996,4233,483.6,431.79999999999995,1880,69140,288,983,179,578,,,,,279.52598130841125,103.49250192258397,50.9,47.27,51.93,13708420,5382990,122.516,98.968,6.500000000000001,2.1,10.82,61.23,108.29,125.806,84.065,13.08741935
2022-05-19,2,5,2022,19,30000.0,1,11.899999999999999,1555996,4233,483.6,431.79999999999995,1880,69140,288,983,179,578,,,,,279.52598130841125,103.49250192258397,50.9,47.27,51.93,13708420,5382990,122.516,98.968,6.500000000000001,2.1,10.82,61.23,108.29,125.806,84.065,13.08741935
2022-05-23,2,5,2022,23,60000.0,1,11.899999999999999,1555996,4233,483.6,431.79999999999995,1880,69140,288,983,179,578,,,,,279.52598130841125,103.49250192258397,50.9,47.27,51.93,13708420,5382990,122.516,98.968,6.500000000000001,2.1,10.82,61.23,108.29,125.806,84.065,13.08741935
2022-05-31,2,5,2022,31,62500.0,1,11.899999999999999,1555996,4233,483.6,431.79999999999995,1880,69140,288,983,179,578,,,,,279.52598130841125,103.49250192258397,50.9,47.27,51.93,13708420,5382990,122.516,98.968,6.500000000000001,2.1,10.82,61.23,108.29,125.806,84.065,13.08741935
2022-06-02,2,6,2022,2,38000.0,1,11.899999999999999,1405612,4354,483.6,431.79999999999995,3812,67469,-1671,1697,318,1183,,,,,279.52598130841125,103.49250192258397,50.86,47.24,51.99,13708420,5382990,134.4,104.033,6.500000000000001,2.1,11.18,65,121.133,125.3,92.067,14.262
2022-06-07,2,6,2022,7,27000.0,1,11.899999999999999,1405612,4354,483.6,431.79999999999995,3812,67469,-1671,1697,318,1183,,,,,279.52598130841125,103.49250192258397,50.86,47.24,51.99,13708420,5382990,134.4,104.033,6.500000000000001,2.1,11.18,65,121.133,125.3,92.067,14.262
2022-06-08,2,6,2022,8,45000.0,1,11.899999999999999,1405612,4354,483.6,431.79999999999995,3812,67469,-1671,1697,318,1183,,,,,279.52598130841125,103.49250192258397,50.86,47.24,51.99,13708420,5382990,134.4,104.033,6.500000000000001,2.1,11.18,65,121.133,125.3,92.067,14.262
2022-06-10,2,6,2022,10,50000.0,1,11.899999999999999,1405612,4354,483.6,431.79999999999995,3812,67469,-1671,1697,318,1183,,,,,279.52598130841125,103.49250192258397,50.86,47.24,51.99,13708420,5382990,134.4,104.033,6.500000000000001,2.1,11.18,65,121.133,125.3,92.067,14.262
2022-06-15,2,6,2022,15,40000.0,3,11.899999999999999,1405612,4354,483.6,431.79999999999995,3812,67469,-1671,1697,318,1183,,,,,279.52598130841125,103.49250192258397,50.86,47.24,51.99,13708420,5382990,134.4,104.033,6.500000000000001,2.1,11.18,65,121.133,125.3,92.067,14.262
2022-06-16,2,6,2022,16,70000.0,3,11.899999999999999,1405612,4354,483.6,431.79999999999995,3812,67469,-1671,1697,318,1183,,,,,279.52598130841125,103.49250192258397,50.86,47.24,51.99,13708420,5382990,134.4,104.033,6.500000000000001,2.1,11.18,65,121.133,125.3,92.067,14.262
2022-06-19,2,6,2022,19,50000.0,2,11.899999999999999,1405612,4354,483.6,431.79999999999995,3812,67469,-1671,1697,318,1183,,,,,279.52598130841125,103.49250192258397,50.86,47.24,51.99,13708420,5382990,134.4,104.033,6.500000000000001,2.1,11.18,65,121.133,125.3,92.067,14.262
2022-06-20,2,6,2022,20,60000.0,1,11.899999999999999,1405612,4354,483.6,431.79999999999995,3812,67469,-1671,1697,318,1183,,,,,279.52598130841125,103.49250192258397,50.86,47.24,51.99,13708420,5382990,134.4,104.033,6.500000000000001,2.1,11.18,65,121.133,125.3,92.067,14.262
2022-06-21,2,6,2022,21,60000.0,1,11.899999999999999,1405612,4354,483.6,431.79999999999995,3812,67469,-1671,1697,318,1183,,,,,279.52598130841125,103.49250192258397,50.86,47.24,51.99,13708420,5382990,134.4,104.033,6.500000000000001,2.1,11.18,65,121.133,125.3,92.067,14.262
2022-06-22,2,6,2022,22,50000.0,2,11.899999999999999,1405612,4354,483.6,431.79999999999995,3812,67469,-1671,1697,318,1183,,,,,279.52598130841125,103.49250192258397,50.86,47.24,51.99,13708420,5382990,134.4,104.033,6.500000000000001,2.1,11.18,65,121.133,125.3,92.067,14.262
2022-06-24,2,6,2022,24,45000.0,1,11.899999999999999,1405612,4354,483.6,431.79999999999995,3812,67469,-1671,1697,318,1183,,,,,279.52598130841125,103.49250192258397,50.86,47.24,51.99,13708420,5382990,134.4,104.033,6.500000000000001,2.1,11.18,65,121.133,125.3,92.067,14.262
2022-06-27,2,6,2022,27,50000.0,2,11.899999999999999,1405612,4354,483.6,431.79999999999995,3812,67469,-1671,1697,318,1183,,,,,279.52598130841125,103.49250192258397,50.86,47.24,51.99,13708420,5382990,134.4,104.033,6.500000000000001,2.1,11.18,65,121.133,125.3,92.067,14.262
2022-06-28,2,6,2022,28,65000.0,2,11.899999999999999,1405612,4354,483.6,431.79999999999995,3812,67469,-1671,1697,318,1183,,,,,279.52598130841125,103.49250192258397,50.86,47.24,51.99,13708420,5382990,134.4,104.033,6.500000000000001,2.1,11.18,65,121.133,125.3,92.067,14.262
2022-07-01,3,7,2022,1,80000.0,1,10,1501438,4532,674.0999999999999,497.29999999999995,5331,65890,-1579,2004,375,1654,,,,,,,50.92,47.28,51.85,,,128.074,103.704,10.3,,10.46,62.29,106.704,121.148,94.074,16.27133333
2022-07-04,3,7,2022,4,37500.0,1,10,1501438,4532,674.0999999999999,497.29999999999995,5331,65890,-1579,2004,375,1654,,,,,,,50.92,47.28,51.85,,,128.074,103.704,10.3,,10.46,62.29,106.704,121.148,94.074,16.27133333
2022-07-14,3,7,2022,14,71100.0,1,10,1501438,4532,674.0999999999999,497.29999999999995,5331,65890,-1579,2004,375,1654,,,,,,,50.92,47.28,51.85,,,128.074,103.704,10.3,,10.46,62.29,106.704,121.148,94.074,16.27133333
2022-07-22,3,7,2022,22,45000.0,4,10,1501438,4532,674.0999999999999,497.29999999999995,5331,65890,-1579,2004,375,1654,,,,,,,50.92,47.28,51.85,,,128.074,103.704,10.3,,10.46,62.29,106.704,121.148,94.074,16.27133333
2022-07-23,3,7,2022,23,45000.0,1,10,1501438,4532,674.0999999999999,497.29999999999995,5331,65890,-1579,2004,375,1654,,,,,,,50.92,47.28,51.85,,,128.074,103.704,10.3,,10.46,62.29,106.704,121.148,94.074,16.27133333
2022-07-25,3,7,2022,25,57000.0,3,10,1501438,4532,674.0999999999999,497.29999999999995,5331,65890,-1579,2004,375,1654,,,,,,,50.92,47.28,51.85,,,128.074,103.704,10.3,,10.46,62.29,106.704,121.148,94.074,16.27133333
2022-07-26,3,7,2022,26,50000.0,1,10,1501438,4532,674.0999999999999,497.29999999999995,5331,65890,-1579,2004,375,1654,,,,,,,50.92,47.28,51.85,,,128.074,103.704,10.3,,10.46,62.29,106.704,121.148,94.074,16.27133333
2022-07-28,3,7,2022,28,70000.0,2,10,1501438,4532,674.0999999999999,497.29999999999995,5331,65890,-1579,2004,375,1654,,,,,,,50.92,47.28,51.85,,,128.074,103.704,10.3,,10.46,62.29,106.704,121.148,94.074,16.27133333
2022-08-02,3,8,2022,2,57500.0,6,10,1538644,5552,674.0999999999999,497.29999999999995,6669,64637,-1253,2109,380,2065,,,,,,,50.92,47.25,52.12,,,137.71,98.548,10.3,,11,62.74,109.065,136.806,82.581,13.21290323
2022-08-03,3,8,2022,3,60000.0,3,10,1538644,5552,674.0999999999999,497.29999999999995,6669,64637,-1253,2109,380,2065,,,,,,,50.92,47.25,52.12,,,137.71,98.548,10.3,,11,62.74,109.065,136.806,82.581,13.21290323
2022-08-04,3,8,2022,4,65000.0,1,10,1538644,5552,674.0999999999999,497.29999999999995,6669,64637,-1253,2109,380,2065,,,,,,,50.92,47.25,52.12,,,137.71,98.548,10.3,,11,62.74,109.065,136.806,82.581,13.21290323
2022-08-09,3,8,2022,9,45000.0,1,10,1538644,5552,674.0999999999999,497.29999999999995,6669,64637,-1253,2109,380,2065,,,,,,,50.92,47.25,52.12,,,137.71,98.548,10.3,,11,62.74,109.065,136.806,82.581,13.21290323
2022-08-10,3,8,2022,10,52500.0,12,10,1538644,5552,674.0999999999999,497.29999999999995,6669,64637,-1253,2109,380,2065,,,,,,,50.92,47.25,52.12,,,137.71,98.548,10.3,,11,62.74,109.065,136.806,82.581,13.21290323
2022-08-11,3,8,2022,11,80000.0,3,10,1538644,5552,674.0999999999999,497.29999999999995,6669,64637,-1253,2109,380,2065,,,,,,,50.92,47.25,52.12,,,137.71,98.548,10.3,,11,62.74,109.065,136.806,82.581,13.21290323
2022-08-12,3,8,2022,12,60000.0,1,10,1538644,5552,674.0999999999999,497.29999999999995,6669,64637,-1253,2109,380,2065,,,,,,,50.92,47.25,52.12,,,137.71,98.548,10.3,,11,62.74,109.065,136.806,82.581,13.21290323
2022-08-15,3,8,2022,15,50000.0,1,10,1538644,5552,674.0999999999999,497.29999999999995,6669,64637,-1253,2109,380,2065,,,,,,,50.92,47.25,52.12,,,137.71,98.548,10.3,,11,62.74,109.065,136.806,82.581,13.21290323
2022-08-17,3,8,2022,17,45000.0,1,10,1538644,5552,674.0999999999999,497.29999999999995,6669,64637,-1253,2109,380,2065,,,,,,,50.92,47.25,52.12,,,137.71,98.548,10.3,,11,62.74,109.065,136.806,82.581,13.21290323
2022-08-19,3,8,2022,19,37500.0,1,10,1538644,5552,674.0999999999999,497.29999999999995,6669,64637,-1253,2109,380,2065,,,,,,,50.92,47.25,52.12,,,137.71,98.548,10.3,,11,62.74,109.065,136.806,82.581,13.21290323
2022-08-22,3,8,2022,22,63500.0,1,10,1538644,5552,674.0999999999999,497.29999999999995,6669,64637,-1253,2109,380,2065,,,,,,,50.92,47.25,52.12,,,137.71,98.548,10.3,,11,62.74,109.065,136.806,82.581,13.21290323
2022-08-23,3,8,2022,23,52500.0,7,10,1538644,5552,674.0999999999999,497.29999999999995,6669,64637,-1253,2109,380,2065,,,,,,,50.92,47.25,52.12,,,137.71,98.548,10.3,,11,62.74,109.065,136.806,82.581,13.21290323
2022-08-26,3,8,2022,26,43500.0,2,10,1538644,5552,674.0999999999999,497.29999999999995,6669,64637,-1253,2109,380,2065,,,,,,,50.92,47.25,52.12,,,137.71,98.548,10.3,,11,62.74,109.065,136.806,82.581,13.21290323
2022-09-01,3,9,2022,1,52000.0,1,10,1504029,4754,674.0999999999999,497.29999999999995,7735,64731,94,2802,489,2287,,,,,,,50.8,47.09,52.7,,,123.7,99.967,10.3,,12.25,58.8,108.9,126.533,85.1,14.70833333
2022-09-02,3,9,2022,2,65000.0,1,10,1504029,4754,674.0999999999999,497.29999999999995,7735,64731,94,2802,489,2287,,,,,,,50.8,47.09,52.7,,,123.7,99.967,10.3,,12.25,58.8,108.9,126.533,85.1,14.70833333
2022-09-05,3,9,2022,5,51250.0,4,10,1504029,4754,674.0999999999999,497.29999999999995,7735,64731,94,2802,489,2287,,,,,,,50.8,47.09,52.7,,,123.7,99.967,10.3,,12.25,58.8,108.9,126.533,85.1,14.70833333
2022-09-12,3,9,2022,12,50000.0,1,10,1504029,4754,674.0999999999999,497.29999999999995,7735,64731,94,2802,489,2287,,,,,,,50.8,47.09,52.7,,,123.7,99.967,10.3,,12.25,58.8,108.9,126.533,85.1,14.70833333
2022-09-15,3,9,2022,15,59030.0,1,10,1504029,4754,674.0999999999999,497.29999999999995,7735,64731,94,2802,489,2287,,,,,,,50.8,47.09,52.7,,,123.7,99.967,10.3,,12.25,58.8,108.9,126.533,85.1,14.70833333
2022-09-17,3,9,2022,17,30000.0,37,10,1504029,4754,674.0999999999999,497.29999999999995,7735,64731,94,2802,489,2287,,,,,,,50.8,47.09,52.7,,,123.7,99.967,10.3,,12.25,58.8,108.9,126.533,85.1,14.70833333
2022-09-19,3,9,2022,19,60000.0,1,10,1504029,4754,674.0999999999999,497.29999999999995,7735,64731,94,2802,489,2287,,,,,,,50.8,47.09,52.7,,,123.7,99.967,10.3,,12.25,58.8,108.9,126.533,85.1,14.70833333
2022-09-21,3,9,2022,21,60000.0,2,10,1504029,4754,674.0999999999999,497.29999999999995,7735,64731,94,2802,489,2287,,,,,,,50.8,47.09,52.7,,,123.7,99.967,10.3,,12.25,58.8,108.9,126.533,85.1,14.70833333
2022-09-22,3,9,2022,22,35000.0,8,10,1504029,4754,674.0999999999999,497.29999999999995,7735,64731,94,2802,489,2287,,,,,,,50.8,47.09,52.7,,,123.7,99.967,10.3,,12.25,58.8,108.9,126.533,85.1,14.70833333
2022-09-23,3,9,2022,23,63750.0,2,10,1504029,4754,674.0999999999999,497.29999999999995,7735,64731,94,2802,489,2287,,,,,,,50.8,47.09,52.7,,,123.7,99.967,10.3,,12.25,58.8,108.9,126.533,85.1,14.70833333
2022-09-26,3,9,2022,26,52500.0,2,10,1504029,4754,674.0999999999999,497.29999999999995,7735,64731,94,2802,489,2287,,,,,,,50.8,47.09,52.7,,,123.7,99.967,10.3,,12.25,58.8,108.9,126.533,85.1,14.70833333
2022-09-28,3,9,2022,28,50000.0,3,10,1504029,4754,674.0999999999999,497.29999999999995,7735,64731,94,2802,489,2287,,,,,,,50.8,47.09,52.7,,,123.7,99.967,10.3,,12.25,58.8,108.9,126.533,85.1,14.70833333
2022-09-29,3,9,2022,29,60000.0,3,10,1504029,4754,674.0999999999999,497.29999999999995,7735,64731,94,2802,489,2287,,,,,,,50.8,47.09,52.7,,,123.7,99.967,10.3,,12.25,58.8,108.9,126.533,85.1,14.70833333
2022-09-30,3,9,2022,30,65500.0,1,10,1504029,4754,674.0999999999999,497.29999999999995,7735,64731,94,2802,489,2287,,,,,,,50.8,47.09,52.7,,,123.7,99.967,10.3,,12.25,58.8,108.9,126.533,85.1,14.70833333
2022-10-03,4,10,2022,3,60000.0,3,,1602816,5379,,,,,,,,,,,,,,,50.91,47.27,52.93,,,128.074,103.704,,,,56.39,106.704,121.148,94.074,16.47806452
2022-10-05,4,10,2022,5,62500.0,2,,1602816,5379,,,,,,,,,,,,,,,50.91,47.27,52.93,,,128.074,103.704,,,,56.39,106.704,121.148,94.074,16.47806452
2022-10-06,4,10,2022,6,60000.0,1,,1602816,5379,,,,,,,,,,,,,,,50.91,47.27,52.93,,,128.074,103.704,,,,56.39,106.704,121.148,94.074,16.47806452
2022-10-07,4,10,2022,7,32000.0,48,,1602816,5379,,,,,,,,,,,,,,,50.91,47.27,52.93,,,128.074,103.704,,,,56.39,106.704,121.148,94.074,16.47806452
2022-10-09,4,10,2022,9,47500.0,2,,1602816,5379,,,,,,,,,,,,,,,50.91,47.27,52.93,,,128.074,103.704,,,,56.39,106.704,121.148,94.074,16.47806452
